"snapshot_time","index_code","index_weight_date","component_code","component_name","weight","symbol","board","sw_level1_code","sw_level1_name","sw_level2_code","sw_level2_name","open","high","low","close","prev_close","change","change_rate","volume","turnover","amplitude","change_rate_day5","change_rate_day10","change_rate_day20","change_rate_day60","change_rate_ytd","ts_nanos","weighted_change_contribution"
"2026-07-16 15:00:00.255","000852","2026-06-30","000012","南  玻A","0.073000","000012.SZ","sz","","未映射","","","3.83","3.88","3.81","3.85","3.88","-0.03","-0.007731958762886598","26427872","101504491.96","0.018041237113402133","-0.10672853828306265","-0.2450980392156863","-0.19791666666666666","-0.12100456621004567","-0.1348314606741573","1784185248093869297","-0.000564432989690722"
"2026-07-16 15:00:00.255","000852","2026-06-30","000028","国药一致","0.041000","000028.SZ","sz","801150.SI","医药生物",,,"21.06","22.08","20.86","21.52","21.09","0.43","0.020388809862494073","7067304","151387014.32","0.05784732100521569","0.06640237859266601","0.05697445972495088","0.12670157068062826","0.2001622388967755","0.10774937889255692","1784185249112683453","0.000835941204362257"
"2026-07-16 15:00:00.255","000852","2026-06-30","000029","深深房A","0.081000","000029.SZ","sz","","未映射","","","21.78","21.78","21.06","21.37","21.84","-0.47","-0.02152014652014652","5560300","118699415","0.03296703296703291","-0.10660535117056855","-0.05776014109347443","-0.0844044558697515","-0.14554178328668532","-0.03521444695259594","1784185225772595865","-0.00174313186813187"
"2026-07-16 15:00:00.255","000852","2026-06-30","000030","富奥股份","0.020000","000030.SZ","sz","801880.SI","汽车",,,"4.17","4.29","4.1100","4.26","4.1000","0.1600","0.039024390243902446","24005098","100920452.7","0.04390243902439039","0.08121827411167513","0.041564792176039124","0.08396946564885496","-0.006993006993006993","-0.1916508538899431","1784185251479173144","0.000780487804878049"
"2026-07-16 15:00:00.255","000852","2026-06-30","000035","中国天楹","0.083000","000035.SZ","sz","801970.SI","环保",,,"4.6","4.65","4.52","4.55","4.6","-0.05","-0.010869565217391306","26151800","119423905","0.028260869565217363","0.006637168141592921","-0.036016949152542374","-0.08080808080808081","-0.25287356321839083","-0.1903914590747331","1784185242956303269","-0.000902173913043478"
"2026-07-16 15:00:00.255","000852","2026-06-30","000048","京基智农","0.060000","000048.SZ","sz","801010.SI","农林牧渔",,,"20.9","21.32","20.57","20.69","21.11","-0.42","-0.01989578398863098","17148891","357959856.08","0.035528185693983895","-0.05568233683249658","-0.025894538606403016","-0.04786010124252186","0.6342812006319115","0.2577507598784195","1784185228161470567","-0.00119374703931786"
"2026-07-16 15:00:00.255","000852","2026-06-30","000049","德赛电池","0.055000","000049.SZ","sz","801730.SI","电力设备",,,"24.38","25.15","24.3","24.51","24.47","0.04","0.0016346546791990192","9937271","245795129.09","0.03473641193297921","0.019550748752079867","-0.018422106527833403","0.06103896103896103","-0.06770635222518068","-0.07718373493975904","1784185248093954548","8.99060073559461E-05"
"2026-07-16 15:00:00.255","000852","2026-06-30","000058","深赛格","0.019000","000058.SZ","sz","801200.SI","商贸零售",,,"6.15","6.33","6.1","6.26","6.16","0.10","0.016233766233766236","7882999","49221549.38","0.037337662337662406","0.045075125208681135","-0.0047694753577106515","0.021207177814029365","-0.1329639889196676","-0.3327648688978896","1784185235281898625","0.000308441558441558"
"2026-07-16 15:00:00.255","000852","2026-06-30","000059","华锦股份","0.037000","000059.SZ","sz","801960.SI","石油石化",,,"4.45","4.48","4.31","4.38","4.44","-0.06","-0.013513513513513513","34244297","150143323.72","0.03828828828828827","0.08955223880597016","0.07616707616707616","0.14360313315926893","-0.026666666666666665","-0.18888888888888888","1784185208191502986","-0.0005"
"2026-07-16 15:00:00.255","000852","2026-06-30","000061","农 产 品","0.046000","000061.SZ","sz","801200.SI","商贸零售",,,"5.75","5.86","5.68","5.82","5.77","0.05","0.008665511265164646","20132100","116505985.97","0.03119584055459267","0.05054151624548737","0.028268551236749116","0.096045197740113","-0.06430868167202573","-0.4208955223880597","1784185233440915891","0.000398613518197574"
"2026-07-16 15:00:00.255","000852","2026-06-30","000065","北方国际","0.059000","000065.SZ","sz","801720.SI","建筑装饰",,,"8.79","8.96","8.7","8.91","8.78","0.13","0.014806378132118452","11749501","104117463.93","0.029612756264236872","0.003378378378378378","-0.0880245649948823","-0.14326923076923076","-0.2427332993370729","-0.23295454545454547","1784185245122026090","0.000873576309794989"
"2026-07-16 15:00:00.255","000852","2026-06-30","000089","深圳机场","0.063000","000089.SZ","sz","801170.SI","交通运输",,,"6.59","6.67","6.51","6.63","6.57","0.06","0.0091324200913242","19633296","129784569.66","0.024353120243531222","0.05910543130990416","0.04245283018867924","0.08156606851549755","0.04245283018867924","-0.003007518796992481","1784185246736804676","0.000575342465753425"
"2026-07-16 15:00:00.255","000852","2026-06-30","000099","中信海直","0.081000","000099.SZ","sz","801170.SI","交通运输",,,"13.51","13.89","13.45","13.72","13.57","0.15","0.01105379513633014","8050486","110536615.54","0.03242446573323504","0.012546125461254613","-0.06793478260869565","-0.09078860172299537","-0.13981191222570533","-0.3484042553191489","1784185244258090754","0.000895357406042741"
"2026-07-16 15:00:00.255","000852","2026-06-30","000156","华数传媒","0.060000","000156.SZ","sz","801760.SI","传媒",,,"6.65","6.84","6.62","6.78","6.67","0.11","0.01649175412293853","10616900","71713737.69","0.03298350824587702","0.052795031055900624","0.046296296296296294","0.041474654377880185","-0.021645021645021644","-0.12628865979381443","1784185245122730365","0.000989505247376312"
"2026-07-16 15:00:00.255","000852","2026-06-30","000403","派林生物","0.060000","000403.SZ","sz","801150.SI","医药生物",,,"9.65","10.18","9.62","10.12","9.77","0.35","0.03582395087001024","20555640","204723239.05","0.05731832139201642","0.12195121951219513","0.08934337997847148","0.14221218961625284","-0.19809825673534073","-0.27403156384505023","1784185228161579728","0.00214943705220061"
"2026-07-16 15:00:00.255","000852","2026-06-30","000420","吉林化纤","0.082000","000420.SZ","sz","801030.SI","基础化工",,,"3.69","3.73","3.64","3.68","3.7","-0.02","-0.005405405405405405","41694720","153826667.75","0.024324324324324405","-0.018666666666666668","-0.11325301204819276","-0.086848635235732","-0.2","-0.17117117117117117","1784185249112649543","-0.000443243243243243"
"2026-07-16 15:00:00.255","000852","2026-06-30","000422","湖北宜化","0.125000","000422.SZ","sz","801030.SI","基础化工",,,"12.84","12.94","12.7","12.74","12.97","-0.23","-0.017733230531996914","17002638","217630210.3","0.01850424055512723","-0.032649962034927864","-0.102184637068358","-0.0392156862745098","-0.07142857142857142","-0.09194583036350677","1784185233002908782","-0.00221665381649961"
"2026-07-16 15:00:00.255","000852","2026-06-30","000498","山东路桥","0.030000","000498.SZ","sz","801720.SI","建筑装饰",,,"5.07","5.09","5.01","5.06","5.07","-0.01","-0.0019723865877712033","7489500","37891417","0.01577909270216964","0.04329896907216495","0.062355658198614314","0.0945273631840796","0.01545253863134658","-0.13696060037523453","1784185248093959518","-5.91715976331361E-05"
"2026-07-16 15:00:00.255","000852","2026-06-30","000503","国新健康","0.049000","000503.SZ","sz","801750.SI","计算机",,,"6.57","6.73","6.49","6.7","6.63","0.07","0.010558069381598794","14751520","98179230","0.036199095022624465","0.0634920634920635","0.060126582278481014","0.05345911949685535","-0.06685236768802229","-0.2701525054466231","1784185215219528696","0.000517345399698341"
"2026-07-16 15:00:00.255","000852","2026-06-30","000506","招金黄金","0.078000","000506.SZ","sz","801050.SI","有色金属",,,"12.42","12.97","12.25","12.29","12.54","-0.25","-0.019936204146730464","51456332","643243670.2","0.057416267942583636","-0.08351976137211037","-0.11391492429704399","0.009860312243221035","-0.14474599860821155","-0.07034795763993948","1784185205570666437","-0.00155502392344498"
"2026-07-16 15:00:00.255","000852","2026-06-30","000534","万泽股份","0.114000","000534.SZ","sz","801150.SI","医药生物",,,"26.48","26.74","25.44","25.64","26.74","-1.10","-0.04113687359760659","16327111","423723632.25","0.0486163051608078","-0.12341880341880342","-0.19900031240237429","-0.06423357664233577","-0.28777777777777774","0.17399267399267399","1784185229133508925","-0.00468960359012715"
"2026-07-16 15:00:00.255","000852","2026-06-30","000543","皖能电力","0.088000","000543.SZ","sz","801160.SI","公用事业",,,"7.55","7.58","7.45","7.51","7.49","0.02","0.0026702269692923898","34002475","255181719.25","0.017356475300400638","-0.006613756613756614","-0.03964194373401534","-0.019582245430809397","-0.19506966773847803","-0.07512315270935961","1784185249112636793","0.00023497997329773"
"2026-07-16 15:00:00.255","000852","2026-06-30","000550","江铃汽车","0.035000","000550.SZ","sz","801880.SI","汽车",,,"16.29","16.55","16.18","16.42","16.3","0.12","0.007361963190184048","3339936","54816075.26","0.022699386503067544","0.04825015002362074","0.022148628627631627","0.050933807810959915","0.03308124976406488","-0.08084325074730465","1784185208191495646","0.000257668711656442"
"2026-07-16 15:00:00.255","000852","2026-06-30","000552","甘肃能化","0.049000","000552.SZ","sz","801950.SI","煤炭",,,"2.52","2.54","2.45","2.49","2.52","-0.03","-0.011904761904761904","63362700","157495056","0.03571428571428584","0.05063291139240506","0.05508474576271187","0.09691629955947137","-0.06390977443609022","0.06410256410256411","1784185249112692033","-0.000583333333333333"
"2026-07-16 15:00:00.255","000852","2026-06-30","000555","神州信息","0.072000","000555.SZ","sz","801750.SI","计算机",,,"9.58","10.07","9.5","9.86","9.62","0.24","0.02494802494802495","21178165","208250319.35","0.059251559251559276","-0.005045408678102927","-0.03992210321324245","-0.06628787878787878","-0.2513287775246773","-0.4176018901358535","1784185223973827306","0.0017962577962578"
"2026-07-16 15:00:00.255","000852","2026-06-30","000563","陕国投A","0.087000","000563.SZ","sz","","未映射","","","3.01","3.04","2.98","3.03","3.02","0.01","0.0033112582781456954","57499346","173096075.82","0.01986754966887419","0.06315789473684211","0.05944055944055945","0.07829181494661921","0.030612244897959183","-0.10355029585798817","1784185249638770227","0.000288079470198675"
"2026-07-16 15:00:00.255","000852","2026-06-30","000567","海德股份","0.036000","000567.SZ","sz","801790.SI","非银金融",,,"6.1","6.16","5.81","5.86","6.17","-0.31","-0.050243111831442464","51346545","306098461.83","0.05672609400324158","-0.0050933786078098476","-0.0487012987012987","0.02447552447552448","-0.03618421052631579","-0.060897435897435896","1784185221829585312","-0.00180875202593193"
"2026-07-16 15:00:00.255","000852","2026-06-30","000581","威孚高科","0.083000","000581.SZ","sz","801880.SI","汽车",,,"17.02","17.29","16.95","17.07","17.17","-0.10","-0.005824111822947","7013620","119971086.25","0.019801980198019792","0.014260249554367202","-0.01100811123986095","0.06288916562889166","-0.0762987012987013","-0.14091595369904378","1784185235281896345","-0.000483401281304601"
"2026-07-16 15:00:00.255","000852","2026-06-30","000600","建投能源","0.065000","000600.SZ","sz","801160.SI","公用事业",,,"8.01","8.12","7.89","8.01","8","0.01","0.00125","25667700","205615768.85","0.028749999999999942","0.005018820577164367","-0.11098779134295228","-0.09491525423728814","-0.3130360205831904","-0.007434944237918215","1784185246736809096","8.125E-05"
"2026-07-16 15:00:00.255","000852","2026-06-30","000603","盛达资源","0.098000","000603.SZ","sz","801050.SI","有色金属",,,"20.54","21.28","20.31","20.45","20.83","-0.38","-0.018242918867018725","23235872","479843832.32","0.04656745079212668","-0.06663623916020082","-0.16257166257166256","-0.03401039206424185","-0.3546860208267592","-0.36902190681888314","1784185245121975349","-0.00178780604896784"
"2026-07-16 15:00:00.255","000852","2026-06-30","000612","焦作万方","0.104000","000612.SZ","sz","801050.SI","有色金属",,,"10.76","10.88","10.54","10.58","10.84","-0.26","-0.023985239852398525","33226480","355611829.56","0.031365313653136516","0.07959183673469387","-0.015813953488372095","-0.02667893284268629","-0.10490693739424703","-0.06537102473498232","1784185229133458985","-0.00249446494464945"
"2026-07-16 15:00:00.255","000852","2026-06-30","000620","盈新发展","0.126000","000620.SZ","sz","801180.SI","房地产",,,"3.01","3.26","2.98","3.05","3.14","-0.09","-0.028662420382165602","361846000","1124293606","0.08917197452229293","-0.07575757575757576","-0.1527777777777778","-0.10818713450292398","0.07394366197183098","0.10909090909090909","1784185204830281000","-0.00361146496815287"
"2026-07-16 15:00:00.255","000852","2026-06-30","000628","高新发展","0.086000","000628.SZ","sz","801720.SI","建筑装饰",,,"37.7","40.46","37.35","38.62","38.22","0.40","0.010465724751439039","17504994","682929606.97","0.0813710099424385","-0.12782294489611562","-0.21456172462883874","-0.18506013926988815","-0.362495873225487","-0.15288440447466548","1784185244258070864","0.000900052328623757"
"2026-07-16 15:00:00.255","000852","2026-06-30","000636","风华高科","0.686000","000636.SZ","sz","801080.SI","电子",,,"52.91","56.05","50.67","51.7","54.5","-2.8","-0.05137614678899082","93163677","4954005214.01","0.09871559633027528","-0.1978277734678045","-0.1810549659432916","-0.34056122448979587","0.06510094767202308","2.077380952380952","1784185205570695297","-0.0352440366972477"
"2026-07-16 15:00:00.255","000852","2026-06-30","000650","仁和药业","0.058000","000650.SZ","sz","801150.SI","医药生物",,,"5.56","5.71","5.54","5.66","5.6","0.06","0.010714285714285714","30006874","169046841.4","0.030357142857142843","0.0842911877394636","0.054003724394785846","0.1342685370741483","0.08015267175572519","-0.07364975450081833","1784185217249869561","0.000621428571428571"
"2026-07-16 15:00:00.255","000852","2026-06-30","000672","上峰材料","0.118000","000672.SZ","sz","","未映射","","","17.52","17.89","16.71","16.83","17.99","-1.16","-0.06448026681489717","27438500","473399463.03","0.06559199555308502","-0.22798165137614676","-0.2057574327512978","-0.21902552204176332","-0.01","0.39090909090909093","1784185231743267810","-0.00760867148415787"
"2026-07-16 15:00:00.255","000852","2026-06-30","000676","智度股份","0.053000","000676.SZ","sz","801760.SI","传媒",,,"5.65","6.22","5.65","6.22","5.65","0.57","0.10088495575221237","83237206","492758982.86","0.10088495575221243","0.20309477756286268","0.1669793621013133","0.22682445759368833","0.06689536878216124","-0.29717514124293787","1784185241731574745","0.00534690265486726"
"2026-07-16 15:00:00.255","000852","2026-06-30","000680","山推股份","0.093000","000680.SZ","sz","801890.SI","机械设备",,,"10.12","10.28","9.98","10.02","10.16","-0.14","-0.01377952755905512","13298534","134232849.06","0.029527559055118006","-0.01085883514313919","-0.029069767441860465","0.026639344262295084","-0.05827067669172932","-0.16984258492129245","1784185225772518874","-0.00128149606299213"
"2026-07-16 15:00:00.255","000852","2026-06-30","000681","视觉中国","0.115000","000681.SZ","sz","801760.SI","传媒",,,"17.02","17.62","16.76","17.4","17.19","0.21","0.012216404886561952","25379360","440445994.92","0.050029086678301304","-0.048140043763676144","-0.10539845758354756","-0.1256281407035176","-0.11854103343465046","-0.2932575142160845","1784185242956411320","0.00140488656195462"
"2026-07-16 15:00:00.255","000852","2026-06-30","000682","东方电子","0.104000","000682.SZ","sz","801730.SI","电力设备",,,"11.73","11.83","11.63","11.7","11.83","-0.13","-0.01098901098901099","13426571","157642698.69","0.016906170752324687","-0.0008539709649871904","-0.04955320877335499","-0.06772908366533864","-0.20731707317073172","-0.03145695364238411","1784185208191478016","-0.00114285714285714"
"2026-07-16 15:00:00.255","000852","2026-06-30","000685","中山公用","0.084000","000685.SZ","sz","801970.SI","环保",,,"11.11","11.2","10.86","10.89","11.19","-0.30","-0.02680965147453083","29648354","326076292.16","0.030384271671134926","-0.022880215343203232","-0.006839945280437756","0.0182328190743338","-0.013140009062075214","-0.04766069086139047","1784185245889496597","-0.00225201072386059"
"2026-07-16 15:00:00.255","000852","2026-06-30","000686","东北证券","0.121000","000686.SZ","sz","801790.SI","非银金融",,,"8.05","8.13","7.97","8.03","8.12","-0.09","-0.011083743842364532","21341878","171268594.84","0.019704433497536852","-0.05751173708920188","-0.06736353077816493","-0.04518430439952437","0.019035532994923856","-0.1185510428100988","1784185225772594445","-0.00134113300492611"
"2026-07-16 15:00:00.255","000852","2026-06-30","000688","国城矿业","0.166000","000688.SZ","sz","801050.SI","有色金属",,,"28.5","28.7","27.75","28","28.82","-0.82","-0.028452463566967384","15228194","429000683.7600","0.03296321998612072","-0.13925607131878268","-0.21809550404914826","-0.13205207687538748","-0.3203883495145631","-0.020636586218957677","1784185231743352461","-0.00472310895211659"
"2026-07-16 15:00:00.255","000852","2026-06-30","000690","宝新能源","0.105000","000690.SZ","sz","801160.SI","公用事业",,,"4.65","4.69","4.58","4.64","4.67","-0.03","-0.006423982869379015","42920488","198862063.08","0.0235546038543896","0.028824833702882486","-0.010660980810234541","-0.01694915254237288","-0.20274914089347076","0.21784776902887137","1784185235281970476","-0.000674518201284797"
"2026-07-16 15:00:00.255","000852","2026-06-30","000712","锦龙股份","0.057000","000712.SZ","sz","801790.SI","非银金融",,,"8.31","8.48","8.19","8.44","8.37","0.07","0.00836320191158901","15072042","126181173.94","0.034647550776583144","-0.005889281507656066","-0.06740331491712706","-0.03099885189437428","-0.23062898814949861","-0.30762920426579166","1784185245121983319","0.000476702508960574"
"2026-07-16 15:00:00.255","000852","2026-06-30","000719","中原传媒","0.036000","000719.SZ","sz","801760.SI","传媒",,,"11.96","12.12","11.85","12.02","11.97","0.05","0.004177109440267335","3822569","45863982.16","0.022556390977443573","0.04978165938864629","0.05809859154929578","0.20804020100502513","0.03710094909404659","0.13289349670122527","1784185249638919278","0.000150375939849624"
"2026-07-16 15:00:00.255","000852","2026-06-30","000727","冠捷科技","0.076000","000727.SZ","sz","801080.SI","电子",,,"2.26","2.27","2.23","2.25","2.26","-0.01","-0.004424778761061948","55860900","125618623","0.0176991150442478","-0.030172413793103453","-0.10358565737051795","-0.15730337078651685","-0.23728813559322032","-0.12451361867704282","1784185249112697903","-0.000336283185840708"
"2026-07-16 15:00:00.255","000852","2026-06-30","000758","中色股份","0.094000","000758.SZ","sz","801050.SI","有色金属",,,"5.62","5.68","5.57","5.62","5.67","-0.05","-0.008818342151675486","21257285","119564106.9","0.019400352733686125","-0.025996533795493933","-0.13204633204633204","-0.12800620636152055","-0.17776152158010242","-0.14783927217589082","1784185246736777826","-0.000828924162257496"
"2026-07-16 15:00:00.255","000852","2026-06-30","000762","西藏矿业","0.114000","000762.SZ","sz","801050.SI","有色金属",,,"21.75","22.1","21.44","21.54","22.12","-0.58","-0.02622061482820976","15496641","337256426.62","0.029837251356238704","-0.08301404853128991","-0.2010385756676558","-0.18161094224924013","-0.28934345100626857","-0.21329437545653762","1784185217249862630","-0.00298915009041591"
"2026-07-16 15:00:00.255","000852","2026-06-30","000766","通化金马","0.192000","000766.SZ","sz","801150.SI","医药生物",,,"17.16","17.75","16.72","17.51","17.15","0.36","0.02099125364431487","34877740","605274332.98","0.06005830903790094","0.13186813186813187","-0.002279202279202279","-0.2688935281837161","-0.24493316084519187","-0.34172932330827066","1784185208191537877","0.00403032069970845"
"2026-07-16 15:00:00.255","000852","2026-06-30","000767","晋控电力","0.085000","000767.SZ","sz","801160.SI","公用事业",,,"3.38","3.42","3.3","3.32","3.41","-0.09","-0.026392961876832842","106988117","359204346.53","0.03519061583577716","-0.01775147928994083","-0.1099195710455764","-0.1443298969072165","-0.34516765285996054","0.18149466192170818","1784185215219559367","-0.00224340175953079"
"2026-07-16 15:00:00.255","000852","2026-06-30","000778","新兴铸管","0.090000","000778.SZ","sz","801040.SI","钢铁",,,"3.68","3.72","3.64","3.71","3.69","0.02","0.005420054200542005","43590635","160518003.32","0.02168021680216804","0.02770083102493075","0.01227830832196453","0.01783264746227709","-0.09842041312272175","-0.09622411693057246","1784185249112666903","0.00048780487804878"
"2026-07-16 15:00:00.255","000852","2026-06-30","000791","甘肃能源","0.076000","000791.SZ","sz","801160.SI","公用事业",,,"7.29","7.42","7.18","7.23","7.35","-0.12","-0.0163265306122449","19930440","144301640","0.03265306122448982","-0.022972972972972974","-0.06709677419354838","-0.03471295060080107","-0.253099173553719","0.1990049751243781","1784185223973677054","-0.00124081632653061"
"2026-07-16 15:00:00.255","000852","2026-06-30","000795","英洛华","0.059000","000795.SZ","sz","801050.SI","有色金属",,,"8.2","8.3","8.15","8.24","8.28","-0.04","-0.004830917874396136","11437150","94166174.07","0.018115942028985334","-0.01317365269461078","-0.15313463514902362","-0.029446407538280327","-0.08546059933407325","-0.16174974567650052","1784185249112640103","-0.000285024154589372"
"2026-07-16 15:00:00.255","000852","2026-06-30","000801","四川九洲","0.081000","000801.SZ","sz","801110.SI","家用电器",,,"11","11.37","10.91","11.09","11.04","0.05","0.004528985507246378","14173000","158226366","0.04166666666666658","-0.022907488986784144","-0.10564516129032259","0.011861313868613138","-0.16111951588502268","-0.3533527696793003","1784185234132507145","0.000366847826086957"
"2026-07-16 15:00:00.255","000852","2026-06-30","000810","创维数字","0.078000","000810.SZ","sz","801110.SI","家用电器",,,"10.4","11.24","10.32","10.85","10.53","0.32","0.030389363722697058","43236126","470494258.43","0.08736942070275402","-0.0702656383890317","-0.15956622773044152","-0.11356209150326796","-0.0702656383890317","-0.13060897435897434","1784185231743311970","0.00237037037037037"
"2026-07-16 15:00:00.255","000852","2026-06-30","000811","冰轮环境","0.401000","000811.SZ","sz","801890.SI","机械设备",,,"49.19","50.25","46.17","47","50.35","-3.35","-0.06653426017874876","40879198","1958372766.99","0.0810327706057598","-0.14716022500453638","-0.10731244064577398","-0.11521084337349398","0.342473578977435","1.54880694143167","1784185235281936565","-0.0266802383316783"
"2026-07-16 15:00:00.255","000852","2026-06-30","000813","德展健康","0.039000","000813.SZ","sz","801150.SI","医药生物",,,"3.43","3.55","3.35","3.51","3.45","0.06","0.017391304347826084","51035545","177136277.95","0.05797101449275367","0.11428571428571428","0.10031347962382446","0.17391304347826086","0.07339449541284403","-0.10913705583756345","1784185223973806056","0.000678260869565217"
"2026-07-16 15:00:00.255","000852","2026-06-30","000828","东莞控股","0.040000","000828.SZ","sz","801170.SI","交通运输",,,"9.94","10.08","9.89","9.95","9.98","-0.03","-0.003006012024048096","5626946","55995803.03","0.019038076152304736","0.033229491173416406","0.02789256198347108","0.05851063829787234","0.0","-0.017769002961500493","1784185219057500960","-0.000120240480961924"
"2026-07-16 15:00:00.255","000852","2026-06-30","000829","天音控股","0.066000","000829.SZ","sz","801200.SI","商贸零售",,,"8.25","9.12","8.14","9.12","8.29","0.83","0.10012062726176116","52309871","464930637.41","0.1182147165259349","0.18904823989569752","0.20316622691292877","0.2493150684931507","0.053117782909930716","-0.1678832116788321","1784185215219560316","0.00660796139927624"
"2026-07-16 15:00:00.255","000852","2026-06-30","000833","粤桂股份","0.096000","000833.SZ","sz","801230.SI","综合",,,"19.77","20.28","19.48","19.52","20.07","-0.55","-0.02740408570004983","21368282","424217105.71","0.03986048829098142","-0.06289006240998561","-0.16936170212765958","-0.18530884808013356","-0.15387949718248806","0.007223942208462333","1784185248093886878","-0.00263079222720478"
"2026-07-16 15:00:00.255","000852","2026-06-30","000837","秦川机床","0.070000","000837.SZ","sz","801890.SI","机械设备",,,"9.45","9.61","9.31","9.43","9.54","-0.11","-0.011530398322851155","17673772","167374732.43","0.031446540880503214","-0.1120527306967985","-0.24135156878519712","-0.12279069767441861","-0.22386831275720165","-0.2817974105102818","1784185235281969526","-0.000807127882599581"
"2026-07-16 15:00:00.255","000852","2026-06-30","000848","承德露露","0.046000","000848.SZ","sz","801120.SI","食品饮料",,,"8.38","8.57","8.3","8.46","8.46","0.00","0.0","12643148","107044902.66","0.031914893617021434","0.054862842892768084","0.0588235294117647","0.15731874145006838","0.11462450592885376","0.11904761904761905","1784185231743353090","0"
"2026-07-16 15:00:00.255","000852","2026-06-30","000860","顺鑫农业","0.052000","000860.SZ","sz","801120.SI","食品饮料",,,"10.77","11.18","10.71","11.1","10.89","0.21","0.019283746556473826","19158390","211236370.42","0.04315886134067958","0.13496932515337426","0.09144542772861357","0.13729508196721313","0.007259528130671507","-0.2469470827679783","1784185219057551980","0.00100275482093664"
"2026-07-16 15:00:00.255","000852","2026-06-30","000875","电投绿能","0.134000","000875.SZ","sz","801160.SI","公用事业",,,"4.93","4.97","4.87","4.93","4.93","0.00","0.0","29683950","146200998.5","0.020283975659229136","0.0081799591002045","-0.04271844660194175","-0.044573643410852716","-0.2883949191685912","-0.12089871611982883","1784185237447638243","0"
"2026-07-16 15:00:00.255","000852","2026-06-30","000880","潍柴重机","0.055000","000880.SZ","sz","801880.SI","汽车",,,"22.57","23.01","22.1","22.16","22.95","-0.79","-0.03442265795206972","10269652","230523585.91","0.03965141612200436","-0.0242184059885513","-0.04359085023737591","-0.015111111111111112","-0.3035826524198617","-0.2045944005743001","1784185208191491446","-0.00189324618736383"
"2026-07-16 15:00:00.255","000852","2026-06-30","000885","城发环境","0.024000","000885.SZ","sz","801970.SI","环保",,,"12.63","12.84","12.5","12.58","12.65","-0.07","-0.005533596837944664","5125612","64520159.6","0.026877470355731212","0.025264873675631624","0.014516129032258063","0.024429967426710098","0.029628417089540022","-0.05328115593016255","1784185251479148754","-0.000132806324110672"
"2026-07-16 15:00:00.255","000852","2026-06-30","000899","赣能股份","0.029000","000899.SZ","sz","801160.SI","公用事业",,,"9.82","9.89","9.65","9.73","9.83","-0.10","-0.01017293997965412","9661152","94150196.8","0.024415055951169728","0.019916142557651995","-0.023092369477911646","-0.013184584178498987","-0.24608709127537579","0.10117700316885468","1784185233002931872","-0.00029501525940997"
"2026-07-16 15:00:00.255","000852","2026-06-30","000901","航天科技","0.102000","000901.SZ","sz","801880.SI","汽车",,,"14.5","14.7","14.24","14.3","14.62","-0.32","-0.021887824897400824","17789334","256789665.94","0.03146374829001362","-0.12269938650306748","-0.21815199562602516","-0.18796138557637707","-0.28784860557768926","-0.47484392214469334","1784185221829547861","-0.00223255813953488"
"2026-07-16 15:00:00.255","000852","2026-06-30","000902","新洋丰","0.074000","000902.SZ","sz","801030.SI","基础化工",,,"13.04","13.12","12.89","12.95","13.06","-0.11","-0.008422664624808576","14822049","192447329.45","0.01761102603369069","0.10025488530161428","0.05628058727569331","0.07290803645401822","-0.013709063214013708","-0.15304120340091562","1784185221829523751","-0.000623277182235835"
"2026-07-16 15:00:00.255","000852","2026-06-30","000913","钱江摩托","0.033000","000913.SZ","sz","801880.SI","汽车",,,"10.96","11.1","10.86","11.09","10.96","0.13","0.011861313868613138","5562600","61230557","0.02189781021897812","0.0830078125","0.047214353163361665","0.06840077071290944","-0.036490008688097306","-0.220112517580872","1784185241731559525","0.000391423357664234"
"2026-07-16 15:00:00.255","000852","2026-06-30","000917","电广传媒","0.097000","000917.SZ","sz","801760.SI","传媒",,,"6.6","6.81","6.58","6.71","6.68","0.03","0.004491017964071856","28811300","193481129.31","0.03443113772455082","0.016666666666666666","0.0029895366218236174","-0.0014880952380952382","-0.13530927835051548","-0.3815668202764977","1784185237447673854","0.00043562874251497"
"2026-07-16 15:00:00.255","000852","2026-06-30","000923","河钢资源","0.058000","000923.SZ","sz","801040.SI","钢铁",,,"13.85","14.02","13.65","13.76","13.91","-0.15","-0.010783608914450035","14486066","200034316.89","0.026599568655643495","0.12510220768601799","0.06749418153607448","0.10256410256410256","-0.060109289617486336","-0.31813676907829536","1784185246736761096","-0.000625449317038102"
"2026-07-16 15:00:00.255","000852","2026-06-30","000927","中国铁物","0.056000","000927.SZ","sz","801890.SI","机械设备",,,"2.45","2.48","2.42","2.46","2.45","0.01","0.004081632653061224","48143000","117830420","0.024489795918367366","0.06493506493506493","0.04237288135593221","0.06956521739130435","-0.047987616099071206","-0.03680501174628035","1784185233002976142","0.000228571428571429"
"2026-07-16 15:00:00.255","000852","2026-06-30","000928","中钢国际","0.044000","000928.SZ","sz","801720.SI","建筑装饰",,,"4.98","5.12","4.96","5.08","5","0.08","0.016","18260916","92397521.54","0.03200000000000003","0.05833333333333334","0.007936507936507936","-0.0078125","-0.06099815157116451","-0.15474209650582363","1784185235281953065","0.000704"
"2026-07-16 15:00:00.255","000852","2026-06-30","000930","中粮科技","0.040000","000930.SZ","sz","801010.SI","农林牧渔",,,"4.64","4.69","4.56","4.66","4.64","0.02","0.004310344827586208","18786838","87054588.46","0.028017241379310318","0.06636155606407322","0.044843049327354265","0.05191873589164786","-0.08447937131630648","-0.19793459552495696","1784185228161586228","0.000172413793103448"
"2026-07-16 15:00:00.255","000852","2026-06-30","000935","四川双马","0.082000","000935.SZ","sz","801790.SI","非银金融",,,"27.85","28.13","26.88","26.96","28.13","-1.17","-0.04159260575897618","13350147","365138369.61","0.044436544614290786","-0.0007412898443291327","0.023149905123339656","0.05353653771004299","-0.15512378564713256","0.059748427672955975","1784185221829560082","-0.00341059367223605"
"2026-07-16 15:00:00.255","000852","2026-06-30","000950","重药控股","0.044000","000950.SZ","sz","801150.SI","医药生物",,,"5.55","5.8","5.5","5.64","5.59","0.05","0.00894454382826476","58759315","330118403.96","0.05366726296958852","0.11023622047244096","0.06015037593984962","0.1440162271805274","-0.01225919439579685","-0.04081632653061224","1784185246736760506","0.000393559928443649"
"2026-07-16 15:00:00.255","000852","2026-06-30","000962","东方钽业","0.294000","000962.SZ","sz","801050.SI","有色金属",,,"58.49","60.13","55.23","55.77","59.68","-3.91","-0.06551608579088472","19262032","1104699445.48","0.08210455764075064","-0.1459418070444104","-0.26191106405505554","-0.3591864874181317","-0.15586970999576194","0.68652473690577","1784185217249857320","-0.0192617292225201"
"2026-07-16 15:00:00.255","000852","2026-06-30","000966","长源电力","0.056000","000966.SZ","sz","801160.SI","公用事业",,,"4","4.17","3.99","4.15","4.04","0.11","0.027227722772277228","81009109","331659442.09","0.044554455445544594","0.11859838274932614","0.040100250626566414","0.04797979797979798","-0.21102661596958178","-0.03488372093023256","1784185249112696013","0.00152475247524752"
"2026-07-16 15:00:00.255","000852","2026-06-30","000969","安泰科技","0.185000","000969.SZ","sz","801050.SI","有色金属",,,"17.32","17.4","16.69","16.83","17.44","-0.61","-0.034977064220183485","33250131","565235818.21","0.040711009174311974","-0.17982456140350878","-0.30049875311720703","-0.3379228953579858","-0.3300159235668789","-0.20009505703422054","1784185241731586575","-0.00647075688073394"
"2026-07-16 15:00:00.255","000852","2026-06-30","000970","中科三环","0.152000","000970.SZ","sz","801050.SI","有色金属",,,"15.16","15.44","14.69","14.79","15.38","-0.59","-0.038361508452535754","70309507","1052666488.02","0.04876462938881664","-0.016622340425531915","-0.10254854368932038","0.042283298097251586","0.2470489038785835","0.08351648351648351","1784185229133557636","-0.00583094928478543"
"2026-07-16 15:00:00.255","000852","2026-06-30","000973","佛塑科技","0.109000","000973.SZ","sz","801030.SI","基础化工",,,"12.03","12.64","11.9","11.97","12.44","-0.47","-0.03778135048231511","42401413","518702098.93","0.059485530546623804","-0.0424","-0.1300872093023256","-0.13449023861171366","-0.2159046246560985","-0.19099756690997569","1784185241731551555","-0.00411816720257235"
"2026-07-16 15:00:00.255","000852","2026-06-30","000990","诚志股份","0.061000","000990.SZ","sz","801030.SI","基础化工",,,"9.47","9.68","9.26","9.56","9.56","0.00","0.0","53211122","500642970.79","0.04393305439330543","0.11033681765389082","0.08022598870056497","0.15458937198067635","-0.027466937945066126","0.21166032953105196","1784185215219565897","0"
"2026-07-16 15:00:00.255","000852","2026-06-30","000998","隆平高科","0.091000","000998.SZ","sz","801010.SI","农林牧渔",,,"8.02","8.1","7.96","8.09","8.03","0.06","0.007471980074719801","14048058","113153929.18","0.01743462017434616","0.04521963824289405","0.04387096774193549","0.07866666666666666","-0.03644592663172939","-0.13346186803770352","1784185241731544305","0.000679950186799502"
"2026-07-16 15:00:00.255","000852","2026-06-30","001227","兰州银行","0.082000","001227.SZ","sz","801780.SI","银行",,,"2.11","2.13","2.09","2.11","2.11","0.00","0.0","62792852","132434435.72","0.018957345971563996","0.04455445544554455","0.03431372549019608","0.02926829268292683","0.0394088669950739","-0.04954954954954954","1784185248093927098","0"
"2026-07-16 15:00:00.255","000852","2026-06-30","001233","海安集团","0.017000","001233.SZ","sz","801880.SI","汽车",,,"42.78","43.79","42.25","42.8","43.1","-0.3","-0.0069605568445475635","2449443","105374480.89","0.035730858468677476","0.06414719045251119","-0.07279029462738301","-0.05288780703695509","-0.21047777162885076","-0.26636955776482685","1784185248093972178","-0.000118329466357309"
"2026-07-16 15:00:00.255","000852","2026-06-30","001236","弘业期货","0.022000","001236.SZ","sz","801790.SI","非银金融",,,"7","7.14","6.93","7.07","7.08","-0.01","-0.0014124293785310734","9700200","68513791","0.029661016949152536","0.02463768115942029","-0.03678474114441417","0.014347202295552369","-0.1471652593486128","-0.3355263157894737","1784185219057604611","-3.10734463276836E-05"
"2026-07-16 15:00:00.255","000852","2026-06-30","001267","汇绿生态","0.215000","001267.SZ","sz","801720.SI","建筑装饰",,,"39.85","40.89","38.5","38.8","40.7","-1.9","-0.04668304668304668","21079199","834655964.54","0.05872235872235873","-0.10907003444316878","-0.15098468271334792","-0.3072665595429388","-0.3592072667217176","0.7180304640453419","1784185210339694165","-0.010036855036855"
"2026-07-16 15:00:00.255","000852","2026-06-30","001287","中电港","0.121000","001287.SZ","sz","801080.SI","电子",,,"26.16","27.35","24.96","25.23","26.65","-1.42","-0.05328330206378987","40788368","1057246478.88","0.08968105065666043","-0.17977893368010403","-0.11814051031108004","-0.1603993344425957","-0.08267888307155323","0.10589988603489085","1784185217249815700","-0.00644727954971857"
"2026-07-16 15:00:00.255","000852","2026-06-30","001301","尚太科技","0.150000","001301.SZ","sz","801730.SI","电力设备",,,"51.08","52.24","50.6","51.41","51.99","-0.58","-0.011155991536834005","4012465","206248361.55","0.03154452779380651","-0.025218050815320442","-0.15983003758784115","0.2031474626865672","0.11046506502093895","0.15900161030595814","1784185204830307390","-0.0016733987305251"
"2026-07-16 15:00:00.255","000852","2026-06-30","001337","四川黄金","0.079000","001337.SZ","sz","801050.SI","有色金属",,,"34.8","36.49","34.66","34.93","35.4","-0.47","-0.01327683615819209","10101753","356598178.61","0.05169491525423724","-0.07224435590969457","-0.15239019655423441","-0.04848815036774721","-0.30694444444444446","0.21284722222222222","1784185217249813660","-0.00104887005649718"
"2026-07-16 15:00:00.255","000852","2026-06-30","001339","智微智能","0.137000","001339.SZ","sz","801750.SI","计算机",,,"87.61","92.8","85.08","88.01","89.21","-1.20","-0.01345140679296043","9929110","887057439.85","0.08653738370137874","-0.10921052631578947","-0.09733333333333334","0.16081900554900844","0.39579114310113456","1.8031303593976744","1784185205570750378","-0.00184284273063558"
"2026-07-16 15:00:00.255","000852","2026-06-30","001359","平安电工","0.093000","001359.SZ","sz","801030.SI","基础化工",,,"108.34","112.17","104.18","106.88","109.61","-2.73","-0.024906486634431166","4741429","508705508","0.07289480886780411","-0.05499557913351017","-0.08711991800478305","-0.1774032171169091","0.8225914841490708","1.541017323020739","1784185217249870181","-0.0023163032570021"
"2026-07-16 15:00:00.255","000852","2026-06-30","001369","双欣材料","0.032000","001369.SZ","sz","801030.SI","基础化工",,,"11.64","11.87","11.57","11.77","11.76","0.01","0.0008503401360544218","6688951","78572565.73","0.025510204081632563","-0.021612635078969246","-0.11570247933884298","-0.13264554163596168","-0.1815020862308762","-0.24454428754813864","1784185237447672323","2.72108843537415E-05"
"2026-07-16 15:00:00.255","000852","2026-06-30","001382","新亚电缆","0.013000","001382.SZ","sz","801730.SI","电力设备",,,"15.29","15.55","15.16","15.43","15.3","0.13","0.00849673202614379","2099530","32296973.01","0.025490196078431292","0.03765971755211837","-0.05857230018303843","-0.017197452229299366","-0.2641869337148307","-0.24731707317073173","1784185217249877741","0.000110457516339869"
"2026-07-16 15:00:00.255","000852","2026-06-30","001896","豫能控股","0.104000","001896.SZ","sz","801160.SI","公用事业",,,"14.95","15.1","13.5","13.5","14.95","-1.45","-0.09698996655518395","144432233","2065297650.09","0.10702341137123743","-0.0425531914893617","-0.1439441978440076","-0.1969066032123736","-0.13957934990439771","1.5714285714285714","1784185249638804747","-0.0100869565217391"
"2026-07-16 15:00:00.255","000852","2026-06-30","001914","招商积余","0.035000","001914.SZ","sz","801180.SI","房地产",,,"8.91","9.13","8.86","9.06","8.94","0.12","0.013422818791946308","10101247","91126001.16","0.030201342281879144","0.08633093525179857","0.06713780918727914","0.08763505402160864","-0.05329153605015674","-0.17934782608695654","1784185221829519171","0.000469798657718121"
"2026-07-16 15:00:00.255","000852","2026-06-30","002003","伟星股份","0.062000","002003.SZ","sz","801130.SI","纺织服饰",,,"9.08","9.35","9.01","9.29","9.12","0.17","0.018640350877192985","11220392","103860713.29","0.03728070175438594","0.08654970760233917","0.0580865603644647","0.11524609843937575","0.017524644030668127","-0.06633165829145729","1784185235281959956","0.00115570175438597"
"2026-07-16 15:00:00.255","000852","2026-06-30","002004","华邦健康","0.064000","002004.SZ","sz","801150.SI","医药生物",,,"4.42","4.47","4.35","4.42","4.4300","-0.0100","-0.0022573363431151244","26137388","115264983.44","0.02708803611738151","0.08333333333333334","0.0625","0.10776942355889724","0.10776942355889724","0.02552204176334107","1784185223973778225","-0.000144469525959368"
"2026-07-16 15:00:00.255","000852","2026-06-30","002006","精工科技","0.063000","002006.SZ","sz","801890.SI","机械设备",,,"13.66","14.14","13.6","13.97","13.81","0.16","0.011585807385952208","8019801","111613295.85","0.03910209992758864","-0.04183813443072702","-0.10791826309067688","0.027205882352941177","-0.2116252821670429","-0.41767403084618593","1784185204830341871","0.000729905865314989"
"2026-07-16 15:00:00.255","000852","2026-06-30","002010","传化智联","0.063000","002010.SZ","sz","801170.SI","交通运输",,,"4.61","4.68","4.53","4.64","4.63","0.01","0.0021598272138228943","21959879","101593057.35","0.03239740820734349","0.024282560706401765","-0.01276595744680851","0.06178489702517163","-0.10424710424710426","-0.2108843537414966","1784185208191491206","0.000136069114470842"
"2026-07-16 15:00:00.255","000852","2026-06-30","002011","盾安环境","0.070000","002011.SZ","sz","801110.SI","家用电器",,,"10.12","10.25","10.08","10.18","10.22","-0.04","-0.003913894324853229","8903614","90533904.16","0.016634050880626215","-0.010689990281827018","-0.054781801299907146","0.02004008016032064","-0.20219435736677116","-0.21085271317829457","1784185237447666643","-0.000273972602739726"
"2026-07-16 15:00:00.255","000852","2026-06-30","002015","协鑫能科","0.163000","002015.SZ","sz","801160.SI","公用事业",,,"14.03","14.11","13.48","13.57","13.99","-0.42","-0.03002144388849178","41265216","567989068.1","0.045032165832737725","-0.05501392757660167","-0.1262073406310367","-0.22985244040862654","-0.40482456140350875","0.35835835835835833","1784185249112686133","-0.00489349535382416"
"2026-07-16 15:00:00.255","000852","2026-06-30","002017","东信和平","0.052000","002017.SZ","sz","801770.SI","通信",,,"12.89","13.27","12.81","12.97","12.97","0.00","0.0","9635042","125804916.06","0.0354664610639939","-0.0385470719051149","-0.09427374301675978","-0.11768707482993197","-0.21773220747889024","-0.4331293706293707","1784185204830314050","0"
"2026-07-16 15:00:00.255","000852","2026-06-30","002019","亿帆医药","0.070000","002019.SZ","sz","801150.SI","医药生物",,,"10.4","11.05","10.28","10.95","10.46","0.49","0.046845124282982785","38827676","416814070.3","0.07361376673040149","0.1265432098765432","0.09172482552342973","0.16613418530351437","0.07669616519174041","-0.11693548387096774","1784185215219528306","0.0032791586998088"
"2026-07-16 15:00:00.255","000852","2026-06-30","002020","京新药业","0.077000","002020.SZ","sz","801150.SI","医药生物",,,"15.03","15.16","14.53","14.87","15.31","-0.44","-0.028739386022207707","30654095","454660541.95","0.04114957544088836","0.08460977388767323","-0.021066491112574064","0.2623089983022071","0.18769968051118213","-0.21239406779661016","1784185210339716215","-0.00221293272370999"
"2026-07-16 15:00:00.255","000852","2026-06-30","002023","海特高新","0.079000","002023.SZ","sz","801740.SI","国防军工",,,"9.8","9.94","9.59","9.61","9.9","-0.29","-0.02929292929292929","24246926","235945939.02","0.03535353535353532","-0.16652211621856028","-0.24330708661417322","-0.26808834729626807","-0.18628281117696868","-0.2918201915991157","1784185217249868321","-0.00231414141414141"
"2026-07-16 15:00:00.255","000852","2026-06-30","002036","联创电子","0.082000","002036.SZ","sz","801080.SI","电子",,,"6.04","6.28","5.96","6.2","6.1","0.1","0.01639344262295082","32599395","201254485.95","0.05245901639344252","-0.07738095238095238","-0.16442048517520216","-0.14482758620689656","-0.36605316973415136","-0.4459338695263629","1784185219057598521","0.00134426229508197"
"2026-07-16 15:00:00.255","000852","2026-06-30","002041","登海种业","0.028000","002041.SZ","sz","801010.SI","农林牧渔",,,"8.57","8.67","8.47","8.54","8.62","-0.08","-0.009280742459396753","14162467","121291741.32","0.023201856148492","0.06351183063511831","0.04914004914004914","0.06351183063511831","-0.018390804597701153","-0.10482180293501049","1784185233002929092","-0.000259860788863109"
"2026-07-16 15:00:00.255","000852","2026-06-30","002043","兔宝宝","0.057000","002043.SZ","sz","801710.SI","建筑材料",,,"11.3","12.18","11.25","11.92","11.39","0.53","0.046532045654082525","15543747","183736556.51","0.08165057067603158","0.1026827012025902","0.032034632034632034","0.0586145648312611","-0.03450510286732545","-0.13660727220049254","1784185244258550077","0.0026523266022827"
"2026-07-16 15:00:00.255","000852","2026-06-30","002045","国光电器","0.036000","002045.SZ","sz","801080.SI","电子",,,"7.63","8.34","7.6","8.34","7.58","0.76","0.10026385224274406","30895156","250010297.87","0.09762532981530346","0.10463576158940398","0.04380475594493116","0.06649616368286446","-0.12118018967334035","-0.41962421711899794","1784185221829564902","0.00360949868073879"
"2026-07-16 15:00:00.255","000852","2026-06-30","002046","国机精工","0.203000","002046.SZ","sz","801890.SI","机械设备",,,"56.4","57.88","54.36","54.8","57.4","-2.6","-0.04529616724738676","10508033","584596093.05","0.061324041811846614","-0.1708276592525344","-0.23878316432837898","-0.26264800861141013","-0.010079843924997292","0.3076262288823136","1784185223973783175","-0.00919512195121951"
"2026-07-16 15:00:00.255","000852","2026-06-30","002048","宁波华翔","0.115000","002048.SZ","sz","801880.SI","汽车",,,"21.3","21.74","20.78","21.15","21.43","-0.28","-0.01306579561362576","15182433","321783472.18","0.044797013532431214","-0.06415929203539822","-0.1933638443935927","-0.04298642533936651","-0.21463052357965096","-0.3035890681593678","1784185242956428920","-0.00150256649556696"
"2026-07-16 15:00:00.255","000852","2026-06-30","002051","中工国际","0.057000","002051.SZ","sz","801720.SI","建筑装饰",,,"8.35","8.52","8.26","8.46","8.49","-0.03","-0.0035335689045936395","23490927","197369444.26","0.030624263839811518","-0.05263157894736842","-0.1958174904942966","-0.3395784543325526","-0.16317163883833188","0.00004728355950635964","1784185204830335101","-0.000201413427561837"
"2026-07-16 15:00:00.255","000852","2026-06-30","002053","云南能投","0.028000","002053.SZ","sz","801160.SI","公用事业",,,"9.3","9.65","9.2","9.54","9.39","0.15","0.01597444089456869","9910132","93649997.56","0.04792332268370618","0.05882352941176471","-0.003134796238244514","0.09781357882623706","-0.15798764342453664","-0.15798764342453664","1784185249112661763","0.000447284345047923"
"2026-07-16 15:00:00.255","000852","2026-06-30","002060","广东建工","0.035000","002060.SZ","sz","801160.SI","公用事业",,,"3.26","3.27","3.22","3.26","3.26","0.00","0.0","16685200","54222518","0.015337423312883517","0.05161290322580645","0.05501618122977347","0.061889250814332254","-0.05780346820809249","-0.021021021021021023","1784185244258556348","0"
"2026-07-16 15:00:00.255","000852","2026-06-30","002061","浙江交科","0.045000","002061.SZ","sz","801720.SI","建筑装饰",,,"3.6","3.62","3.56","3.6","3.6","0.0","0.0","14582659","52439964.22","0.01666666666666656","0.02564102564102564","0.008403361344537815","0.08108108108108109","0.043478260869565216","-0.05013192612137203","1784185223973680894","0"
"2026-07-16 15:00:00.255","000852","2026-06-30","002063","远光软件","0.080000","002063.SZ","sz","801750.SI","计算机",,,"5.23","5.3","5.2","5.28","5.24","0.04","0.007633587786259542","28840073","151873587.55","0.019083969465648786","0.03125","0.023255813953488372","0.06882591093117409","-0.11498491451558834","-0.13527677694071405","1784185242956291789","0.000610687022900763"
"2026-07-16 15:00:00.255","000852","2026-06-30","002073","软控股份","0.054000","002073.SZ","sz","801890.SI","机械设备",,,"5.37","5.46","5.34","5.41","5.38","0.03","0.0055762081784386614","15146181","82080233.2","0.022304832713754667","0.04844961240310077","-0.005514705882352941","0.06286836935166995","-0.05087719298245613","-0.3361963190184049","1784185229133562606","0.000301115241635688"
"2026-07-16 15:00:00.255","000852","2026-06-30","002075","沙钢股份","0.061000","002075.SZ","sz","801040.SI","钢铁",,,"3.48","3.55","3.43","3.53","3.5","0.03","0.008571428571428572","30540830","106998516.8","0.034285714285714315","0.0696969696969697","0.02318840579710145","0.0505952380952381","-0.10178117048346057","-0.37632508833922257","1784185233440882510","0.000522857142857143"
"2026-07-16 15:00:00.255","000852","2026-06-30","002077","大港股份","0.069000","002077.SZ","sz","801080.SI","电子",,,"15.61","15.9","14.6","14.74","16.03","-1.29","-0.08047411104179662","52085054","797035992.64","0.08109794135995002","-0.2677595628415301","-0.15675057208237986","-0.204533189422558","-0.20922746781115878","-0.03534031413612566","1784185246736759226","-0.00555271366188397"
"2026-07-16 15:00:00.255","000852","2026-06-30","002081","金螳螂","0.071000","002081.SZ","sz","801720.SI","建筑装饰",,,"3.88","3.88","3.75","3.79","3.9","-0.11","-0.028205128205128206","81023671","308812123.54","0.033333333333333305","-0.05721393034825872","-0.13470319634703196","-0.1502242152466368","-0.29026217228464424","0.12462908011869435","1784185223973836926","-0.0020025641025641"
"2026-07-16 15:00:00.255","000852","2026-06-30","002091","江苏国泰","0.072000","002091.SZ","sz","801200.SI","商贸零售",,,"7.4","7.49","7.37","7.45","7.44","0.01","0.0013440860215053762","9441600","70222213","0.01612903225806441","0.01360544217687075","-0.0013404825737265416","0.037604456824512536","-0.09915356711003627","-0.11520190023752969","1784185241731603075","9.67741935483871E-05"
"2026-07-16 15:00:00.255","000852","2026-06-30","002093","国脉科技","0.033000","002093.SZ","sz","801210.SI","社会服务",,,"6.26","6.6","6.22","6.49","6.32","0.17","0.02689873417721519","20990156","136016518.12","0.06012658227848099","0.0","0.0046439628482972135","0.031796502384737683","-0.12885906040268455","-0.4532434709351306","1784185237447716714","0.000887658227848101"
"2026-07-16 15:00:00.255","000852","2026-06-30","002096","易普力","0.045000","002096.SZ","sz","801030.SI","基础化工",,,"9.25","9.28","9.04","9.17","9.24","-0.07","-0.007575757575757576","6102400","55938006","0.025974025974025997","0.05160550458715596","0.009911894273127752","0.017758046614872364","-0.09027777777777778","-0.3100075244544771","1784185225772574415","-0.000340909090909091"
"2026-07-16 15:00:00.255","000852","2026-06-30","002097","山河智能","0.056000","002097.SZ","sz","801890.SI","机械设备",,,"6.91","7.06","6.85","6.97","6.95","0.02","0.0028776978417266188","16082902","112251242.94","0.03021582733812949","0.004757099610782759","-0.06530776451656162","-0.04218771471760341","-0.19580016153224877","-0.4331950882329023","1784185223973652764","0.000161151079136691"
"2026-07-16 15:00:00.255","000852","2026-06-30","002099","海翔药业","0.061000","002099.SZ","sz","801150.SI","医药生物",,,"5.23","5.4","5.15","5.38","5.27","0.11","0.020872865275142316","29636435","157657589","0.04743833017077798","0.05078125","-0.016453382084095063","0.036608863198458574","-0.005545286506469501","-0.16329704510108867","1784185234132517496","0.00127324478178368"
"2026-07-16 15:00:00.255","000852","2026-06-30","002100","天康生物","0.071000","002100.SZ","sz","801010.SI","农林牧渔",,,"6.7","7.28","6.67","7.19","6.68","0.51","0.07634730538922156","60429196","430194391.43","0.09131736526946098","0.12168486739469579","0.10956790123456789","0.2332761578044597","0.11924034869240348","-0.007454445057979017","1784185219057558560","0.00542065868263473"
"2026-07-16 15:00:00.255","000852","2026-06-30","002101","广东鸿图","0.032000","002101.SZ","sz","801880.SI","汽车",,,"9.12","9.37","9.07","9.33","9.15","0.18","0.019672131147540982","8075630","75025093.25","0.03278688524590152","0.05091236765037171","0.03230803275060854","0.0334514842711564","0.07637286571296725","-0.23386434554113975","1784185234132529776","0.000629508196721311"
"2026-07-16 15:00:00.255","000852","2026-06-30","002104","恒宝股份","0.075000","002104.SZ","sz","801770.SI","通信",,,"9.44","9.77","9.26","9.57","9.52","0.05","0.005252100840336135","25746983","246575860.07","0.053571428571428555","-0.009316770186335404","-0.06906614785992218","-0.07087378640776698","-0.2307073954983923","-0.5313418217433887","1784185245122026950","0.00039390756302521"
"2026-07-16 15:00:00.255","000852","2026-06-30","002110","三钢闽光","0.036000","002110.SZ","sz","801040.SI","钢铁",,,"3.02","3.04","2.94","3.03","3.01","0.02","0.00664451827242525","24163350","72390552","0.033222591362126276","0.06315789473684211","0.030612244897959183","0.06690140845070423","-0.025723472668810293","-0.2903981264637003","1784185205570844058","0.000239202657807309"
"2026-07-16 15:00:00.255","000852","2026-06-30","002121","科陆电子","0.065000","002121.SZ","sz","801730.SI","电力设备",,,"4.9","4.99","4.81","4.87","4.92","-0.05","-0.010162601626016262","28979900","142068609","0.03658536585365866","0.004123711340206186","-0.08458646616541353","-0.07765151515151514","-0.4284037558685446","-0.38197969543147203","1784185237447651203","-0.000660569105691057"
"2026-07-16 15:00:00.255","000852","2026-06-30","002123","梦网科技","0.059000","002123.SZ","sz","801770.SI","通信",,,"7.68","7.68","7.68","7.68","8.53","-0.85","-0.0996483001172333","9984100","76677888","0.0","-0.11213872832369941","-0.033962264150943396","0.06077348066298342","-0.11622554660529345","-0.39906103286384975","1784185234132453865","-0.00587924970691676"
"2026-07-16 15:00:00.255","000852","2026-06-30","002125","湘潭电化","0.053000","002125.SZ","sz","801730.SI","电力设备",,,"11.62","11.99","11.62","11.77","11.77","0.00","0.0","20504233","242088733.11","0.03143585386576049","-0.006751054852320675","-0.09461538461538462","-0.16048502139800286","-0.20095044127630685","-0.1616809116809117","1784185242956411060","0"
"2026-07-16 15:00:00.255","000852","2026-06-30","002127","南极电商","0.048000","002127.SZ","sz","801200.SI","商贸零售",,,"2.93","3.23","2.92","3.23","2.94","0.29","0.09863945578231292","123835778","391155967.91","0.10544217687074832","0.16606498194945848","0.17028985507246377","0.22813688212927757","0.10616438356164384","0.041935483870967745","1784185245889490167","0.00473469387755102"
"2026-07-16 15:00:00.255","000852","2026-06-30","002139","拓邦股份","0.122000","002139.SZ","sz","801080.SI","电子",,,"9.77","10.04","9.73","10","9.82","0.18","0.018329938900203666","19334171","192659377.71","0.03156822810590618","0.02459016393442623","-0.027237354085603117","0.09890109890109891","-0.08088235294117646","-0.27483683828861494","1784185217249847030","0.00223625254582485"
"2026-07-16 15:00:00.255","000852","2026-06-30","002145","钛能化学","0.129000","002145.SZ","sz","801030.SI","基础化工",,,"4.44","4.49","4.41","4.44","4.46","-0.02","-0.004484304932735426","36679396","163262857.77","0.01793721973094172","0.011389521640091117","-0.053304904051172705","-0.047210300429184546","-0.013333333333333332","-0.09016393442622951","1784185205570801818","-0.00057847533632287"
"2026-07-16 15:00:00.255","000852","2026-06-30","002149","西部材料","0.189000","002149.SZ","sz","801050.SI","有色金属",,,"37.06","38.21","36.01","36.22","38.03","-1.81","-0.04759400473310544","25294888","934433105.42","0.05784906652642658","-0.14816556914393225","-0.2660587639311044","-0.27443910256410253","-0.45295272617429394","-0.21140866536033096","1784185242956316320","-0.00899526689455693"
"2026-07-16 15:00:00.255","000852","2026-06-30","002151","北斗星通","0.141000","002151.SZ","sz","801740.SI","国防军工",,,"29.12","29.6","28.61","28.68","29.42","-0.74","-0.02515295717199184","17686579","512192130.86","0.03365057783820525","-0.058437294812869335","-0.11617873651771955","-0.08253358925143954","-0.22086389568052162","-0.426055633380028","1784185219057593941","-0.00354656696125085"
"2026-07-16 15:00:00.255","000852","2026-06-30","002158","汉钟精机","0.081000","002158.SZ","sz","801890.SI","机械设备",,,"31.52","31.77","29.6","29.86","31.78","-1.92","-0.060415355569540585","12764551","391357319.32","0.06828193832599123","-0.13674472390864412","-0.16986377536836253","-0.12098910803650281","-0.06011960969468051","0.21234267153877387","1784185204830291920","-0.00489364380113279"
"2026-07-16 15:00:00.255","000852","2026-06-30","002163","海南发展","0.051000","002163.SZ","sz","801720.SI","建筑装饰",,,"7.93","8.07","7.77","7.9","7.91","-0.01","-0.0012642225031605564","40315153","318607733.18","0.03792667509481678","0.015424164524421594","-0.08881199538638986","-0.06398104265402844","-0.23671497584541065","-0.6318732525629077","1784185231743304860","-6.44753476611884E-05"
"2026-07-16 15:00:00.255","000852","2026-06-30","002170","芭田股份","0.086000","002170.SZ","sz","801030.SI","基础化工",,,"10.74","10.83","10.54","10.58","10.84","-0.26","-0.023985239852398525","16631208","176704784.74","0.026752767527675362","-0.024884792626728113","-0.05871886120996441","-0.05282005371530886","-0.07436570428696412","-0.05282005371530886","1784185231743256369","-0.00206273062730627"
"2026-07-16 15:00:00.255","000852","2026-06-30","002171","楚江新材","0.181000","002171.SZ","sz","801050.SI","有色金属",,,"10.22","10.37","9.96","10.01","10.33","-0.32","-0.030977734753146177","48140286","488065546.61","0.03969022265246855","-0.15169491525423728","-0.23529411764705882","-0.29556650246305416","-0.17204301075268819","-0.22523219814241488","1784185251479177284","-0.00560696999031946"
"2026-07-16 15:00:00.255","000852","2026-06-30","002174","游族网络","0.127000","002174.SZ","sz","801760.SI","传媒",,,"12.31","12.75","12.04","12.43","12.54","-0.11","-0.008771929824561405","47243734","588116271.45","0.056618819776714575","-0.006394884092725819","0.008110300081103002","0.019688269073010665","0.056972789115646266","-0.009561752988047808","1784185245122025140","-0.0011140350877193"
"2026-07-16 15:00:00.255","000852","2026-06-30","002176","江特电机","0.175000","002176.SZ","sz","801730.SI","电力设备",,,"8.01","8.16","7.93","8.01","8.11","-0.10","-0.012330456226880396","51900354","417698023.6400","0.028360049321824957","-0.07184241019698724","-0.21238938053097348","-0.17761806981519507","-0.3313856427378965","-0.19172552976791118","1784185225772552474","-0.00215782983970407"
"2026-07-16 15:00:00.255","000852","2026-06-30","002181","粤传媒","0.047000","002181.SZ","sz","801760.SI","传媒",,,"8.4","8.69","8.3","8.53","8.5","0.03","0.003529411764705882","34229131","291808720.72","0.04588235294117654","-0.016147635524798157","-0.08867521367521368","-0.1366396761133603","-0.466875","-0.04692737430167598","1784185245122705105","0.000165882352941176"
"2026-07-16 15:00:00.255","000852","2026-06-30","002182","宝武镁业","0.111000","002182.SZ","sz","801050.SI","有色金属",,,"11.8","11.99","11.58","11.6","11.98","-0.38","-0.03171953255425709","18627286","219235850.49","0.03422370617696161","-0.09937888198757763","-0.24083769633507857","-0.13303437967115098","-0.23533289386947923","-0.25353925353925355","1784185223973769485","-0.00352086811352254"
"2026-07-16 15:00:00.255","000852","2026-06-30","002183","怡亚通","0.099000","002183.SZ","sz","801200.SI","商贸零售",,,"4.6","4.73","4.56","4.68","4.63","0.05","0.010799136069114472","46920731","218286542.34","0.03671706263498919","-0.00425531914893617","-0.05645161290322581","-0.17168141592920352","-0.27216174183514774","-0.07142857142857142","1784185249638925918","0.00106911447084233"
"2026-07-16 15:00:00.255","000852","2026-06-30","002192","融捷股份","0.190000","002192.SZ","sz","801050.SI","有色金属",,,"65.7","69.06","63.95","66.99","66.42","0.57","0.008581752484191508","26310746","1740503060.84","0.07693465823547134","-0.1526688590943587","-0.2685882738290206","-0.18572991369879666","-0.1767236082094138","0.24009626064420586","1784185208191513776","0.00163053297199639"
"2026-07-16 15:00:00.255","000852","2026-06-30","002194","武汉凡谷","0.041000","002194.SZ","sz","801770.SI","通信",,,"8.33","8.6","8.25","8.48","8.41","0.07","0.008323424494649227","13135795","111437096.88","0.041617122473246095","-0.029748283752860413","-0.11204188481675392","-0.1916110581506196","-0.2770673486786019","-0.35562310030395133","1784185233440987891","0.000341260404280618"
"2026-07-16 15:00:00.255","000852","2026-06-30","002204","大连重工","0.052000","002204.SZ","sz","801890.SI","机械设备",,,"5.17","5.24","5.14","5.19","5.19","0.00","0.0","16159826","84029074.83","0.019267822736030758","0.013671875000000002","-0.04595588235294117","-0.02626641651031895","-0.11884550084889643","-0.29769959404600815","1784185223973667314","0"
"2026-07-16 15:00:00.255","000852","2026-06-30","002212","天融信","0.072000","002212.SZ","sz","801750.SI","计算机",,,"5.45","5.68","5.4","5.57","5.49","0.08","0.014571948998178506","30124245","167748255.45","0.05100182149362482","-0.0071301247771836","-0.029616724738675958","-0.005357142857142857","-0.17725258493353027","-0.39324618736383443","1784185244258031193","0.00104918032786885"
"2026-07-16 15:00:00.255","000852","2026-06-30","002215","诺普信","0.059000","002215.SZ","sz","801010.SI","农林牧渔",,,"8.91","9.2","8.86","9.09","8.98","0.11","0.012249443207126948","18038345","162579620.1","0.037861915367483276","-0.027807486631016044","0.029445073612684034","0.07319952774498228","0.07829181494661923","-0.10619469026548674","1784185231743330260","0.00072271714922049"
"2026-07-16 15:00:00.255","000852","2026-06-30","002216","三全食品","0.042000","002216.SZ","sz","801120.SI","食品饮料",,,"12.84","13.08","12.79","12.95","12.98","-0.03","-0.002311248073959938","7070391","91263597.25","0.022342064714946142","0.05199025182778229","0.062346185397867106","0.12218370883882149","0.07468879668049792","0.26712328767123283","1784185210339734125","-9.70724191063174E-05"
"2026-07-16 15:00:00.255","000852","2026-06-30","002221","东华能源","0.051000","002221.SZ","sz","801960.SI","石油石化",,,"5.42","5.54","5.32","5.44","5.44","0.00","0.0","26272250","142802584","0.04044117647058835","0.05222437137330755","0.005545286506469501","0.005545286506469501","-0.1617873651771957","-0.32922318125770655","1784185221829553262","0"
"2026-07-16 15:00:00.255","000852","2026-06-30","002222","福晶科技","0.445000","002222.SZ","sz","801080.SI","电子",,,"68.58","70.29","65.31","65.93","69.81","-3.88","-0.055579429881105855","22650526","1530395234.91","0.07133648474430583","-0.18975052230551798","-0.19793187347931873","-0.268095026642984","-0.38806385743456473","0.15201817228726192","1784185249638848308","-0.0247328462970921"
"2026-07-16 15:00:00.255","000852","2026-06-30","002226","江南化工","0.061000","002226.SZ","sz","801030.SI","基础化工",,,"4.63","4.67","4.55","4.65","4.64","0.01","0.002155172413793104","16695060","77244191.8","0.025862068965517262","0.040268456375838924","0.010430247718383311","0.07093505297098111","-0.0903755868544601","-0.1943866943866944","1784185246736746426","0.000131465517241379"
"2026-07-16 15:00:00.255","000852","2026-06-30","002233","塔牌集团","0.059000","002233.SZ","sz","801710.SI","建筑材料",,,"7.37","7.49","7.3","7.36","7.4","-0.04","-0.005405405405405405","10652154","78514171.86","0.025675675675675608","-0.023872679045092837","-0.021276595744680854","0.03081232492997199","-0.07187894073139975","-0.09135802469135802","1784185242956425110","-0.000318918918918919"
"2026-07-16 15:00:00.255","000852","2026-06-30","002237","恒邦股份","0.129000","002237.SZ","sz","801050.SI","有色金属",,,"12.62","12.91","12.53","12.64","12.7","-0.06","-0.004724409448818898","19378142","245878660.78","0.029921259842519744","-0.022428460943542148","-0.07938820101966497","-0.04169825625473844","-0.05403382727136656","-0.06591782441619864","1784185246736753276","-0.000609448818897638"
"2026-07-16 15:00:00.255","000852","2026-06-30","002239","奥特佳","0.071000","002239.SZ","sz","801880.SI","汽车",,,"2.47","2.52","2.46","2.5","2.48","0.02","0.008064516129032258","52736000","131938328.4","0.024193548387096794","0.05042016806722689","-0.011857707509881424","-0.015748031496062992","-0.0628982682359997","-0.1604540264624891","1784185221829521591","0.00057258064516129"
"2026-07-16 15:00:00.255","000852","2026-06-30","002243","力合科创","0.041000","002243.SZ","sz","801210.SI","社会服务",,,"6.89","7.07","6.71","7.06","7.01","0.05","0.007132667617689016","36773411","254268546.24","0.05135520684736083","0.09797822706065319","0.04283604135893648","0.07786259541984733","-0.2449197860962567","-0.33708920187793423","1784185215219506796","0.00029243937232525"
"2026-07-16 15:00:00.255","000852","2026-06-30","002245","蔚蓝锂芯","0.328000","002245.SZ","sz","801730.SI","电力设备",,,"20.36","20.48","18.49","18.49","20.54","-2.05","-0.09980525803310614","141807048","2710175281.55","0.09688412852969823","-0.09892787524366471","-0.09095378564405114","-0.03697916666666667","-0.1407992565055762","1.286613369467028","1784185231743322540","-0.0327361246348588"
"2026-07-16 15:00:00.255","000852","2026-06-30","002246","北化股份","0.064000","002246.SZ","sz","801030.SI","基础化工",,,"18.14","18.58","17.8","18.24","18.24","0.00","0.0","12801128","233795073.87","0.042763157894736704","0.013333333333333332","-0.04251968503937008","-0.012987012987012986","-0.15438108484005564","-0.031075697211155377","1784185208191535926","0"
"2026-07-16 15:00:00.255","000852","2026-06-30","002249","大洋电机","0.133000","002249.SZ","sz","801730.SI","电力设备",,,"6.94","7.08","6.85","6.96","6.98","-0.02","-0.0028653295128939827","36783500","256978972.48","0.03295128939828086","-0.015558698727015558","-0.16446578631452582","-0.06951871657754011","-0.22234636871508381","-0.333843797856049","1784185229133477645","-0.0003810888252149"
"2026-07-16 15:00:00.255","000852","2026-06-30","002250","联化科技","0.101000","002250.SZ","sz","801030.SI","基础化工",,,"15.79","16.64","15.7","16.17","16.26","-0.09","-0.005535055350553505","33403421","540830616.43","0.05781057810578113","0.14680851063829786","0.04660194174757282","0.24193548387096775","0.12918994413407822","0.22314674735249623","1784185233002888591","-0.000559040590405904"
"2026-07-16 15:00:00.255","000852","2026-06-30","002251","步步高","0.065000","002251.SZ","sz","801200.SI","商贸零售",,,"3.56","3.7","3.55","3.66","3.61","0.05","0.013850415512465375","134373376","489890516.71","0.04155124653739609","0.09580838323353294","0.03389830508474576","0.07647058823529412","-0.17567567567567566","-0.31588785046728973","1784185234132484565","0.000900277008310249"
"2026-07-16 15:00:00.255","000852","2026-06-30","002254","泰和新材","0.112000","002254.SZ","sz","801030.SI","基础化工",,,"12.88","13.2","12.37","12.44","13.05","-0.61","-0.04674329501915708","29713652","378308928.21","0.06360153256704981","-0.11584932480454868","-0.25419664268585135","-0.35710594315245475","-0.14325068870523416","0.13296903460837886","1784185215219516126","-0.00523524904214559"
"2026-07-16 15:00:00.255","000852","2026-06-30","002258","利尔化学","0.063000","002258.SZ","sz","801030.SI","基础化工",,,"13.82","13.83","12.96","13.1","13.83","-0.73","-0.05278380332610268","40614790","535288934.7","0.06290672451193066","-0.04796511627906977","-0.04727272727272727","-0.001524390243902439","0.06677524429967427","0.03557312252964427","1784185223973803266","-0.00332537960954447"
"2026-07-16 15:00:00.255","000852","2026-06-30","002267","陕天然气","0.030000","002267.SZ","sz","801160.SI","公用事业",,,"7.12","7.17","7.04","7.14","7.11","0.03","0.004219409282700422","7083400","50438421","0.01828410689170181","0.03779069767441861","0.036284470246734396","0.08181818181818183","0.039301310043668124","-0.005571030640668524","1784185245122046120","0.000126582278481013"
"2026-07-16 15:00:00.255","000852","2026-06-30","002268","电科网安","0.078000","002268.SZ","sz","801750.SI","计算机",,,"14.11","14.47","14.02","14.16","14.42","-0.26","-0.018030513176144247","12948880","184296541.83","0.031206657420249605","-0.06534653465346535","0.04501845018450184","0.14935064935064934","-0.022099447513812154","-0.34595842956120093","1784185251479158054","-0.00140638002773925"
"2026-07-16 15:00:00.255","000852","2026-06-30","002270","华明装备","0.104000","002270.SZ","sz","801730.SI","电力设备",,,"17.82","17.94","17.34","17.49","17.99","-0.50","-0.027793218454697056","12990147","228560449.5","0.03335186214563634","-0.029411764705882356","-0.13157894736842105","-0.0726405090137858","-0.24121475054229932","-0.30622768742562473","1784185215219560927","-0.00289049471928849"
"2026-07-16 15:00:00.255","000852","2026-06-30","002276","万马股份","0.084000","002276.SZ","sz","801730.SI","电力设备",,,"9.42","9.72","9.34","9.59","9.46","0.13","0.013742071881606765","18147924","173818763.92","0.0401691331923889","-0.0010416666666666667","-0.10541044776119401","-0.045771144278606964","-0.2100494233937397","-0.4250599520383693","1784185249638863138","0.00115433403805497"
"2026-07-16 15:00:00.255","000852","2026-06-30","002287","奇正藏药","0.022000","002287.SZ","sz","801150.SI","医药生物",,,"21.38","22.13","21.26","21.97","21.45","0.52","0.024242424242424242","6286397","136596247.2","0.04055944055944061","0.0995995995995996","0.08762376237623763","0.17991407089151448","0.10903584048460375","-0.06070970500213766","1784185217249832530","0.000533333333333333"
"2026-07-16 15:00:00.255","000852","2026-06-30","002290","禾盛新材","0.140000","002290.SZ","sz","801110.SI","家用电器",,,"71.59","72.38","66.49","67.33","71.69","-4.36","-0.06081740828567444","7686086","532694744.25","0.08215929697307854","-0.20937059652418974","-0.21709302325581398","-0.22125838538052278","-0.29637370676141706","0.37492342250357363","1784185237447655743","-0.00851443715999442"
"2026-07-16 15:00:00.255","000852","2026-06-30","002292","奥飞娱乐","0.060000","002292.SZ","sz","801760.SI","传媒",,,"7.75","7.98","7.72","7.81","7.95","-0.14","-0.01761006289308176","74860432","588715525.66","0.03270440251572324","0.024934383202099737","0.010349288486416558","0.1887366818873668","0.03856382978723404","-0.1529284164859002","1784185249638891578","-0.00105660377358491"
"2026-07-16 15:00:00.255","000852","2026-06-30","002315","焦点科技","0.059000","002315.SZ","sz","801200.SI","商贸零售",,,"23.79","25.25","23.62","25.1","23.74","1.36","0.05728727885425443","16767497","413051976.96","0.06866048862679033","0.0851707738867272","0.03676166873192895","0.10475352112676056","-0.05992509363295881","-0.08952564928096159","1784185245122023310","0.00337994945240101"
"2026-07-16 15:00:00.255","000852","2026-06-30","002317","众生药业","0.171000","002317.SZ","sz","801150.SI","医药生物",,,"32","33.19","29.96","29.96","33.29","-3.33","-0.100030039050766","97387758","3039594332","0.09702613397416643","0.11582867783985101","0.09183673469387754","0.32625055334218683","0.3375","0.462890625","1784185233440865200","-0.017105136677681"
"2026-07-16 15:00:00.255","000852","2026-06-30","002320","海峡股份","0.043000","002320.SZ","sz","801170.SI","交通运输",,,"6.34","6.47","6.26","6.39","6.36","0.03","0.0047169811320754715","16482004","105294795.45","0.033018867924528295","0.03231017770597738","-0.024427480916030534","-0.004672897196261682","-0.1558784676354029","-0.43996494303242767","1784185241731588395","0.000202830188679245"
"2026-07-16 15:00:00.255","000852","2026-06-30","002324","普利特","0.083000","002324.SZ","sz","801030.SI","基础化工",,,"9.6","9.8","9.46","9.51","9.67","-0.16","-0.016546018614270942","15101400","145025850","0.035160289555325734","-0.08115942028985507","-0.2101328903654485","-0.2088186356073211","-0.26164596273291924","-0.45594965675057203","1784185223973672624","-0.00137331954498449"
"2026-07-16 15:00:00.255","000852","2026-06-30","002326","永太科技","0.157000","002326.SZ","sz","801030.SI","基础化工",,,"18","18.59","17.69","18.15","18.31","-0.16","-0.008738394320043693","26548625","482181680.36","0.049153468050245876","-0.12782316194137436","-0.29678419217357616","-0.25857843137254904","-0.14868667917448405","-0.3040644171779141","1784185246736816036","-0.00137192790824686"
"2026-07-16 15:00:00.255","000852","2026-06-30","002332","仙琚制药","0.065000","002332.SZ","sz","801150.SI","医药生物",,,"8.64","8.88","8.63","8.81","8.71","0.10","0.01148105625717566","21585083","189493267.9","0.028702640642939148","0.07701711491442544","0.0513126491646778","0.09850374064837907","0.06787878787878789","0.010321100917431191","1784185235281891175","0.000746268656716418"
"2026-07-16 15:00:00.255","000852","2026-06-30","002338","奥普光电","0.084000","002338.SZ","sz","801740.SI","国防军工",,,"44.89","45.33","43","43.36","45.28","-1.92","-0.04240282685512367","6910600","305124721.51","0.05145759717314484","-0.183888575192923","-0.23527336860670192","-0.17832101572863368","-0.2805707648913224","-0.28176246480039757","1784185208191483916","-0.00356183745583039"
"2026-07-16 15:00:00.255","000852","2026-06-30","002345","潮宏基","0.059000","002345.SZ","sz","801130.SI","纺织服饰",,,"10.19","10.53","10.16","10.33","10.29","0.04","0.0038872691933916426","22128799","228700971.65","0.035957240038872615","0.04028197381671702","-0.018060836501901142","0.1859931113662457","0.15677491601343785","-0.11482433590402742","1784185241731562705","0.000229348882410107"
"2026-07-16 15:00:00.255","000852","2026-06-30","002351","漫步者","0.041000","002351.SZ","sz","801080.SI","电子",,,"9.69","10.36","9.69","10.11","9.79","0.32","0.03268641470888662","19258774","195006859.22","0.06843718079673135","0.09771986970684038","0.06309148264984227","0.10130718954248367","-0.1068904593639576","-0.14755480607082633","1784185245122753395","0.00134014300306435"
"2026-07-16 15:00:00.255","000852","2026-06-30","002354","天娱数科","0.158000","002354.SZ","sz","801760.SI","传媒",,,"7.63","8.11","7.5","7.96","7.69","0.27","0.035110533159947985","395547955","3119798508.51","0.07932379713914166","-0.01485148514851485","-0.1504802561366062","-0.0985277463193658","0.11640953716690042","0.18983557548579968","1784185249112643473","0.00554746423927178"
"2026-07-16 15:00:00.255","000852","2026-06-30","002364","中恒电气","0.187000","002364.SZ","sz","801730.SI","电力设备",,,"47.26","48.84","44.86","46.63","48.72","-2.09","-0.04289819376026272","33206670","1555753521.51","0.08169129720853853","-0.14314590224182286","-0.11852551984877126","-0.13568118628359593","-0.20899067005937236","0.7642830117290957","1784185223973684085","-0.00802196223316913"
"2026-07-16 15:00:00.255","000852","2026-06-30","002368","太极股份","0.063000","002368.SZ","sz","801750.SI","计算机",,,"13.36","14.1","13.26","13.8","13.5","0.3","0.022222222222222223","11051974","151518547.87","0.062222222222222213","-0.011461318051575931","0.001451378809869376","-0.0738255033557047","-0.13642052565707136","-0.44377267230955264","1784185208191533266","0.0014"
"2026-07-16 15:00:00.255","000852","2026-06-30","002372","伟星新材","0.053000","002372.SZ","sz","801710.SI","建筑材料",,,"7.82","7.99","7.76","7.92","7.83","0.09","0.011494252873563218","11525101","91030031.01","0.02937420178799483","-0.005025125628140704","-0.07368421052631578","-0.030599755201958383","-0.1493018259935553","-0.2072072072072072","1784185249112672093","0.000609195402298851"
"2026-07-16 15:00:00.255","000852","2026-06-30","002373","千方科技","0.081000","002373.SZ","sz","801750.SI","计算机",,,"7.21","7.48","7.19","7.39","7.23","0.16","0.022130013831258642","25338900","186641668.34","0.040110650069156296","0.051209103840682786","0.02638888888888889","0.02924791086350975","-0.10963855421686747","-0.37404709469761144","1784185235281942865","0.00179253112033195"
"2026-07-16 15:00:00.255","000852","2026-06-30","002378","章源钨业","0.206000","002378.SZ","sz","801050.SI","有色金属",,,"25.43","25.85","24.4","24.57","25.84","-1.27","-0.04914860681114551","35666838","893567654.69","0.056114551083591306","-0.11840688912809472","-0.2513711151736746","-0.32108317214700194","-0.13241525423728814","0.7302816901408451","1784185234132501425","-0.010124613003096"
"2026-07-16 15:00:00.255","000852","2026-06-30","002389","航天彩虹","0.126000","002389.SZ","sz","801740.SI","国防军工",,,"17.1","17.45","16.93","17.26","17.11","0.15","0.008766803039158387","14959951","258483079.89","0.030391583869082386","-0.02815315315315315","-0.062466051059206947","0.0011600928074245941","-0.12296747967479675","-0.28707145807517553","1784185245122679575","0.00110461718293396"
"2026-07-16 15:00:00.255","000852","2026-06-30","002396","星网锐捷","0.120000","002396.SZ","sz","801770.SI","通信",,,"26.42","29.3","26.3","28.51","27.52","0.99","0.03597383720930233","175864554","4904851814.49","0.10901162790697674","-0.015538674033149171","0.2183760683760684","0.6107344632768362","0.15331715210355987","0.5575206077258769","1784185228161585718","0.00431686046511628"
"2026-07-16 15:00:00.255","000852","2026-06-30","002400","省广集团","0.113000","002400.SZ","sz","801760.SI","传媒",,,"5.87","6.13","5.84","6.05","5.92","0.13","0.02195945945945946","75089086","452553866","0.04898648648648649","0.011705685618729098","-0.027331189710610937","-0.03354632587859425","-0.258578431372549","-0.3494623655913978","1784185229133544675","0.00248141891891892"
"2026-07-16 15:00:00.255","000852","2026-06-30","002405","四维图新","0.157000","002405.SZ","sz","801750.SI","计算机",,,"6.13","6.32","6.05","6.23","6.16","0.07","0.011363636363636364","43673057","271285820.46","0.04383116883116876","-0.023510971786833857","-0.05030487804878049","-0.05030487804878049","-0.32502708559046584","-0.34213305174234426","1784185249112663903","0.00178409090909091"
"2026-07-16 15:00:00.255","000852","2026-06-30","002408","齐翔腾达","0.068000","002408.SZ","sz","801960.SI","石油石化",,,"4.77","4.84","4.7","4.76","4.84","-0.08","-0.01652892561983471","33028012","156990297.8","0.02892561983471068","0.01276595744680851","-0.03838383838383838","0.0","-0.08108108108108109","-0.022587268993839834","1784185251479174144","-0.00112396694214876"
"2026-07-16 15:00:00.255","000852","2026-06-30","002416","爱施德","0.068000","002416.SZ","sz","801200.SI","商贸零售",,,"9.24","9.7","9.11","9.47","9.28","0.19","0.020474137931034486","54077584","512309741.79","0.06357758620689653","0.10501750291715285","0.041804180418041806","0.04410143329658214","-0.14221014492753625","-0.182916307161346","1784185246736782556","0.00139224137931035"
"2026-07-16 15:00:00.255","000852","2026-06-30","002428","云南锗业","0.644000","002428.SZ","sz","801050.SI","有色金属",,,"86.26","88.36","82","83.39","87.83","-4.44","-0.05055220311966299","43628160","3698399701.49","0.07241261527951724","-0.19023111283744415","-0.2063386313885981","-0.30773700813548066","-0.07169097183568965","1.696959896507115","1784185204830263100","-0.032555618809063"
"2026-07-16 15:00:00.255","000852","2026-06-30","002434","万里扬","0.041000","002434.SZ","sz","801880.SI","汽车",,,"5.6","5.77","5.56","5.69","5.66","0.03","0.005300353356890459","14230740","80987026","0.03710247349823321","-0.051666666666666666","-0.1469265367316342","-0.03231292517006803","-0.18714285714285714","-0.3953241232731137","1784185229133573156","0.000217314487632509"
"2026-07-16 15:00:00.255","000852","2026-06-30","002456","欧菲光","0.326000","002456.SZ","sz","801080.SI","电子",,,"8.4","8.45","7.95","8.01","8.57","-0.56","-0.06534422403733955","164345965","1334783456.45","0.058343057176196034","-0.15772870662460567","-0.13498920086393087","-0.15861344537815128","-0.1673596673596674","-0.2583333333333333","1784185235281908715","-0.0213022170361727"
"2026-07-16 15:00:00.255","000852","2026-06-30","002458","益生股份","0.068000","002458.SZ","sz","801010.SI","农林牧渔",,,"8.93","9.14","8.75","8.91","9.02","-0.11","-0.012195121951219513","54375697","483696879.45","0.04323725055432359","0.06578947368421054","-0.016556291390728475","0.125","0.09191176470588235","0.7529569266589058","1784185248093987848","-0.000829268292682927"
"2026-07-16 15:00:00.255","000852","2026-06-30","002468","申通快递","0.091000","002468.SZ","sz","801170.SI","交通运输",,,"15.14","15.28","14.61","14.72","15.22","-0.50","-0.0328515111695138","32615593","485748325.85","0.044021024967148485","-0.08514605344934743","-0.09748620478234213","0.0760233918128655","-0.04415584415584416","0.10427606901725431","1784185233002956382","-0.00298948751642576"
"2026-07-16 15:00:00.255","000852","2026-06-30","002484","江海股份","0.641000","002484.SZ","sz","801080.SI","电子",,,"84.18","86.16","79.21","81.42","87.86","-6.44","-0.07329842931937174","48331707","3968620486.38","0.07910311859776921","-0.10072895957587805","-0.16884442629644753","-0.2530275229357798","0.09923045767517213","1.7969769838543457","1784185231743347530","-0.0469842931937173"
"2026-07-16 15:00:00.255","000852","2026-06-30","002488","金固股份","0.073000","002488.SZ","sz","801880.SI","汽车",,,"8.4","8.64","8.24","8.41","8.45","-0.04","-0.0047337278106508885","17605981","148280960.54","0.0473372781065087","-0.03995433789954338","-0.1257796257796258","-0.04756511891279728","-0.20660377358490567","-0.12849740932642487","1784185210339707715","-0.000345562130177515"
"2026-07-16 15:00:00.255","000852","2026-06-30","002497","雅化集团","0.241000","002497.SZ","sz","801030.SI","基础化工",,,"17.86","17.92","17.39","17.45","18.07","-0.62","-0.03431101272827891","56560231","996238604.08","0.029330381848367327","-0.13613861386138615","-0.20210333790580703","-0.12706353176588295","-0.25965210012728046","-0.30088141025641024","1784185244258547977","-0.00826895406751522"
"2026-07-16 15:00:00.255","000852","2026-06-30","002498","汉缆股份","0.093000","002498.SZ","sz","801730.SI","电力设备",,,"5.67","5.7","5.47","5.51","5.71","-0.20","-0.03502626970227671","46974269","262159704.7","0.04028021015761829","-0.08774834437086093","-0.17267267267267267","-0.19208211143695014","-0.3808988764044944","0.4732620320855615","1784185215219552856","-0.00325744308231173"
"2026-07-16 15:00:00.255","000852","2026-06-30","002506","协鑫集成","0.153000","002506.SZ","sz","801730.SI","电力设备",,,"2.48","2.54","2.45","2.47","2.51","-0.04","-0.015936254980079684","186128550","464436754.5","0.0358565737051794","-0.05725190839694656","-0.16835016835016833","-0.19543973941368079","-0.3214285714285714","-0.1209964412811388","1784185210339745476","-0.00243824701195219"
"2026-07-16 15:00:00.255","000852","2026-06-30","002507","涪陵榨菜","0.089000","002507.SZ","sz","801120.SI","食品饮料",,,"11.48","11.65","11.45","11.58","11.53","0.05","0.0043365134431916745","11022962","127434378.53","0.017346053772766785","0.05368516833484986","0.03670546105640107","0.06826568265682657","0.016681299385425813","-0.0661290322580645","1784185241731542735","0.000385949696444059"
"2026-07-16 15:00:00.255","000852","2026-06-30","002511","中顺洁柔","0.044000","002511.SZ","sz","801980.SI","美容护理",,,"7.16","7.36","7.13","7.27","7.25","0.02","0.0027586206896551726","16829336","122267090.92","0.031724137931034416","0.04755043227665706","0.04454022988505747","0.10486322188449847","0.013947001394700141","-0.13328564616118266","1784185221829535681","0.000121379310344828"
"2026-07-16 15:00:00.255","000852","2026-06-30","002516","旷达科技","0.042000","002516.SZ","sz","801880.SI","汽车",,,"5.35","5.49","5.35","5.39","5.41","-0.02","-0.0036968576709796672","14006800","75976253","0.02587800369685761","0.030592734225621414","-0.044326241134751775","-0.02882882882882883","-0.1484992101105845","-0.15912636505460218","1784185244258094824","-0.000155268022181146"
"2026-07-16 15:00:00.255","000852","2026-06-30","002518","科士达","0.128000","002518.SZ","sz","801730.SI","电力设备",,,"38.01","38.31","35.76","35.99","38.52","-2.53","-0.06568016614745585","11511362","424765001.93","0.06619937694704042","-0.14897138803499646","-0.247071129707113","-0.29292730844793713","-0.35327942497753817","-0.2505206164098292","1784185225772559484","-0.00840706126687435"
"2026-07-16 15:00:00.255","000852","2026-06-30","002531","天顺风能","0.078000","002531.SZ","sz","801730.SI","电力设备",,,"6.71","6.87","6.2","6.3","6.86","-0.56","-0.0816326530612245","104708011","684226342.01","0.09766763848396513","-0.1622340425531915","-0.2605633802816902","-0.2553191489361702","-0.45169712793733685","-0.09221902017291066","1784185237447634583","-0.00636734693877551"
"2026-07-16 15:00:00.255","000852","2026-06-30","002534","西子洁能","0.064000","002534.SZ","sz","801730.SI","电力设备",,,"16.91","17","15.58","15.84","17.03","-1.19","-0.06987668819729888","20968206","338688837.2","0.08338226658837344","-0.06768687463213655","-0.1101123595505618","-0.17068062827225128","-0.2760511882998172","-0.04","1784185233002892021","-0.00447210804462713"
"2026-07-16 15:00:00.255","000852","2026-06-30","002536","飞龙股份","0.195000","002536.SZ","sz","801880.SI","汽车",,,"54.92","57.3","52","54.68","55.9","-1.22","-0.02182468694096601","45828822","2530118971.91","0.09481216457960638","0.03776807743404821","0.05234795996920708","0.13632585203657524","0.29175525631939525","0.809996689837802","1784185234132451215","-0.00425581395348837"
"2026-07-16 15:00:00.255","000852","2026-06-30","002537","海联金汇","0.051000","002537.SZ","sz","801880.SI","汽车",,,"5.31","5.52","5.27","5.49","5.35","0.14","0.026168224299065426","26684900","145280325","0.04672897196261682","0.03977272727272727","-0.007233273056057866","0.024253731343283583","-0.15146831530139104","-0.3872767857142857","1784185249112684433","0.00133457943925234"
"2026-07-16 15:00:00.255","000852","2026-06-30","002539","云图控股","0.098000","002539.SZ","sz","801030.SI","基础化工",,,"10.32","10.38","9.83","9.89","10.35","-0.46","-0.044444444444444446","20207209","202417921.81","0.053140096618357384","-0.06610009442870632","-0.10578661844484628","-0.17169179229480735","-0.21195219123505976","-0.1437229437229437","1784185249638833997","-0.00435555555555556"
"2026-07-16 15:00:00.255","000852","2026-06-30","002541","鸿路钢构","0.074000","002541.SZ","sz","801720.SI","建筑装饰",,,"20.72","21.19","20.35","20.44","20.96","-0.52","-0.02480916030534351","9878560","203927247.52","0.040076335877862586","0.08320084790673025","0.13429522752497225","0.21521997621878716","0.09774436090225563","0.2759051186017478","1784185249112646383","-0.00183587786259542"
"2026-07-16 15:00:00.255","000852","2026-06-30","002544","普天科技","0.089000","002544.SZ","sz","801770.SI","通信",,,"15.7","16.25","15.41","15.89","15.75","0.14","0.008888888888888889","16167425","256733763.26","0.05333333333333332","-0.07355041833075825","-0.1346022928409988","-0.1163139893779718","-0.3067643915101542","-0.5445882234928278","1784185229133546266","0.000791111111111111"
"2026-07-16 15:00:00.255","000852","2026-06-30","002545","东方铁塔","0.103000","002545.SZ","sz","801030.SI","基础化工",,,"16.27","16.38","15.7","15.76","16.4","-0.64","-0.039024390243902446","13997616","223355113.36","0.041463414634146316","-0.051173991571342566","-0.09529276693455796","-0.07782328847279112","-0.29799554565701564","-0.2028325746079919","1784185219057590341","-0.00401951219512195"
"2026-07-16 15:00:00.255","000852","2026-06-30","002549","凯美特气","0.090000","002549.SZ","sz","801030.SI","基础化工",,,"14.5","14.76","14.08","14.19","14.81","-0.62","-0.04186360567184335","39459719","568869841.96","0.04591492234976365","-0.14928057553956836","-0.24601487778958553","-0.25276461295418645","-0.12353304508956145","-0.35175879396984927","1784185233440864510","-0.0037677245104659"
"2026-07-16 15:00:00.255","000852","2026-06-30","002550","千红制药","0.057000","002550.SZ","sz","801150.SI","医药生物",,,"7.05","7.22","6.91","7.09","7.22","-0.13","-0.018005540166204988","44418169","314345926","0.04293628808864272","0.08742331288343558","0.03654970760233918","0.18561872909698998","0.18363939899833057","-0.09566326530612244","1784185237447703574","-0.00102631578947368"
"2026-07-16 15:00:00.255","000852","2026-06-30","002557","洽洽食品","0.056000","002557.SZ","sz","801120.SI","食品饮料",,,"19.66","20.08","19.46","19.94","19.84","0.10","0.005040322580645162","8515600","168324839.99","0.03124999999999987","0.017346938775510204","0.031023784901758014","0.11086350974930363","0.03584415584415584","-0.01579466929911155","1784185215219490726","0.000282258064516129"
"2026-07-16 15:00:00.255","000852","2026-06-30","002563","森马服饰","0.042000","002563.SZ","sz","801130.SI","纺织服饰",,,"5.65","5.74","5.56","5.6","5.67","-0.07","-0.01234567901234568","15174499","85114626.33","0.031746031746031696","0.0035842293906810036","0.009009009009009009","0.10671936758893281","0.03512014787430684","0.0958904109589041","1784185229133451955","-0.000518518518518519"
"2026-07-16 15:00:00.255","000852","2026-06-30","002572","索菲亚","0.043000","002572.SZ","sz","801140.SI","轻工制造",,,"7.95","8.31","7.91","8.22","8","0.22","0.0275","13520928","109977728","0.050000000000000155","0.096","0.04050632911392405","0.1078167115902965","-0.09171270718232043","-0.3161397670549085","1784185249112696263","0.0011825"
"2026-07-16 15:00:00.255","000852","2026-06-30","002588","史丹利","0.047000","002588.SZ","sz","801030.SI","基础化工",,,"8.42","8.5","8.33","8.41","8.49","-0.08","-0.009422850412249705","12590500","105953954.1","0.020023557126030614","0.030637254901960783","0.00718562874251497","0.03444034440344403","-0.017523364485981307","-0.1014957264957265","1784185229133468165","-0.000442873969375736"
"2026-07-16 15:00:00.255","000852","2026-06-30","002597","金禾实业","0.069000","002597.SZ","sz","801030.SI","基础化工",,,"20.06","20.4","19.9","20.01","20.23","-0.22","-0.010874938210578349","3831600","76913178","0.024715768660405337","0.0421875","-0.028640776699029123","-0.0574658502119642","-0.0850480109739369","-0.019598236158745713","1784185249638784077","-0.000750370736529906"
"2026-07-16 15:00:00.255","000852","2026-06-30","002605","姚记科技","0.047000","002605.SZ","sz","801760.SI","传媒",,,"20.55","20.8","20.29","20.5","20.75","-0.25","-0.012048192771084338","13657600","280267838.39","0.024578313253012123","0.04859335038363171","0.08179419525065963","0.12205801860974275","0.1621315192743764","-0.10675381263616558","1784185246736796836","-0.000566265060240964"
"2026-07-16 15:00:00.255","000852","2026-06-30","002611","东方精工","0.154000","002611.SZ","sz","801890.SI","机械设备",,,"15","15.26","14.8","14.98","15.02","-0.04","-0.002663115845539281","22271877","334712286.76","0.030625832223701785","-0.13310185185185183","-0.17601760176017603","-0.11985898942420682","-0.1555806087936866","-0.21058178752107926","1784185229133560316","-0.000410119840213049"
"2026-07-16 15:00:00.255","000852","2026-06-30","002617","露笑科技","0.202000","002617.SZ","sz","801160.SI","公用事业",,,"6.6","6.67","6.31","6.35","6.69","-0.34","-0.05082212257100149","141825203","919948989.97","0.053811659192825156","-0.32302771855010654","-0.3060109289617486","-0.34265010351966874","-0.3810916179337232","-0.2189421894218942","1784185235281966336","-0.0102660687593423"
"2026-07-16 15:00:00.255","000852","2026-06-30","002626","金达威","0.041000","002626.SZ","sz","801120.SI","食品饮料",,,"15.01","15.35","14.81","15.25","15.01","0.24","0.015989340439706862","6419900","97093733.02","0.0359760159893405","0.11803519061583578","0.07773851590106008","0.15881458966565348","0.07926397735314933","-0.20572916666666669","1784185225772577935","0.000655562958027981"
"2026-07-16 15:00:00.255","000852","2026-06-30","002635","安洁科技","0.069000","002635.SZ","sz","801080.SI","电子",,,"15.28","16","15.06","15.17","15.45","-0.28","-0.01812297734627832","28128774","436999677.52","0.06084142394822014","-0.14823133071308256","-0.3505993150684931","-0.2240409207161125","-0.1195589088798607","0.08434596140100072","1784185246736745306","-0.0012504854368932"
"2026-07-16 15:00:00.255","000852","2026-06-30","002636","金安国纪","0.358000","002636.SZ","sz","801080.SI","电子",,,"92.02","99","86.43","89.55","94.79","-5.24","-0.05528009283679713","57648795","5347900724.96","0.13260892499208785","-0.10054238650060265","-0.16269284712482468","-0.2013734058681887","0.6738317757009346","4.343078758949881","1784185249638796037","-0.0197902732355734"
"2026-07-16 15:00:00.255","000852","2026-06-30","002639","雪人集团","0.088000","002639.SZ","sz","801890.SI","机械设备",,,"11.51","11.86","11.4","11.66","11.69","-0.03","-0.0025662959794696323","21630630","252384362.82","0.039349871685200946","-0.0419063270336894","-0.14516129032258063","-0.08763693270735526","-0.2950423216444982","-0.40358056265984654","1784185241731592185","-0.000225834046193328"
"2026-07-16 15:00:00.255","000852","2026-06-30","002643","万润股份","0.118000","002643.SZ","sz","801080.SI","电子",,,"15.79","16.02","15.4","15.47","16.06","-0.59","-0.036737235367372355","29628427","464534554.7","0.03860523038605236","-0.19174503657262276","-0.2360493827160494","-0.20421810699588477","-0.048","0.03409090909090909","1784185219057571191","-0.00433499377334994"
"2026-07-16 15:00:00.255","000852","2026-06-30","002651","利君股份","0.023000","002651.SZ","sz","801740.SI","国防军工",,,"7.2","7.46","7.19","7.35","7.31","0.04","0.005471956224350206","7451000","54836806","0.03693570451436395","-0.00271370420624152","-0.07196969696969696","-0.004065040650406504","-0.11658653846153845","-0.3776460626587637","1784185225772591435","0.000125854993160055"
"2026-07-16 15:00:00.255","000852","2026-06-30","002654","万润科技","0.154000","002654.SZ","sz","801080.SI","电子",,,"14.95","15.39","14.16","14.29","15.22","-0.93","-0.06110381077529566","55654089","819253523.22","0.08081471747700385","-0.22547425474254745","-0.24757792754844143","-0.2926442926442926","-0.13718149981886243","-0.017329115664970432","1784185233440965191","-0.00940998685939553"
"2026-07-16 15:00:00.255","000852","2026-06-30","002668","TCL智家","0.062000","002668.SZ","sz","801110.SI","家用电器",,,"10.69","10.75","10.34","10.38","10.73","-0.35","-0.032618825722273995","17009399","179100030.49","0.03821062441752098","-0.017975402081362345","-0.046831955922865015","-0.056363636363636366","0.14317180616740088","0.028496690579049584","1784185241731570205","-0.00202236719478099"
"2026-07-16 15:00:00.255","000852","2026-06-30","002675","东诚药业","0.085000","002675.SZ","sz","801150.SI","医药生物",,,"13.34","13.45","13","13.36","13.34","0.02","0.0014992503748125937","15514647","206313038.26","0.033733133433283304","0.08003233629749394","0.034055727554179564","0.08441558441558442","0.06284805091487669","-0.034598375581697836","1784185233002946702","0.00012743628185907"
"2026-07-16 15:00:00.255","000852","2026-06-30","002681","奋达科技","0.082000","002681.SZ","sz","801080.SI","电子",,,"4.86","5.01","4.81","4.92","4.87","0.05","0.01026694045174538","60424927","298540201.1","0.04106776180698155","0.08609271523178808","0.04237288135593221","0.05806451612903226","-0.1368421052631579","-0.27326440177252587","1784185251479187604","0.000841889117043121"
"2026-07-16 15:00:00.255","000852","2026-06-30","002690","美亚光电","0.052000","002690.SZ","sz","801890.SI","机械设备",,,"14.96","15.02","14.65","14.91","14.96","-0.05","-0.0033422459893048127","6934897","102965222.43","0.02473262032085568","0.026859504132231406","0.008795669824086604","0.07653429602888087","-0.03244646333549643","-0.23889739663093415","1784185233002830631","-0.00017379679144385"
"2026-07-16 15:00:00.255","000852","2026-06-30","002698","博实股份","0.076000","002698.SZ","sz","801890.SI","机械设备",,,"12.26","13.16","12.11","12.83","12.29","0.54","0.04393816110659073","23132428","293094592.86","0.08543531326281535","0.04820261437908496","-0.04892512972572276","0.11759581881533102","0.011032308904649332","-0.21529051987767583","1784185204830316650","0.0033393002441009"
"2026-07-16 15:00:00.255","000852","2026-06-30","002701","奥瑞金","0.078000","002701.SZ","sz","801140.SI","轻工制造",,,"4.78","4.83","4.71","4.77","4.8","-0.03","-0.00625","28668420","136461760.96","0.025000000000000022","0.036956521739130443","0.07191011235955055","0.1144859813084112","-0.00625","-0.1616871704745167","1784185217249809830","-0.0004875"
"2026-07-16 15:00:00.255","000852","2026-06-30","002705","新宝股份","0.037000","002705.SZ","sz","801110.SI","家用电器",,,"11.32","11.59","11.27","11.54","11.38","0.16","0.014059753954305799","6903412","79289230.15","0.028119507908611622","0.045289855072463775","-0.0068846815834767644","0.07149489322191273","-0.017035775127768313","-0.15827862873814733","1784185205570670507","0.000520210896309315"
"2026-07-16 15:00:00.255","000852","2026-06-30","002706","良信股份","0.101000","002706.SZ","sz","801730.SI","电力设备",,,"9.9","10.01","9.7","9.74","9.96","-0.22","-0.022088353413654616","21025186","206654638.91","0.03112449799196792","-0.009155645981688708","-0.06704980842911877","-0.08630393996247655","-0.35325365205843295","-0.05984555984555985","1784185245889420246","-0.00223092369477912"
"2026-07-16 15:00:00.255","000852","2026-06-30","002716","湖南白银","0.187000","002716.SZ","sz","801050.SI","有色金属",,,"7.3","7.51","7.23","7.31","7.45","-0.14","-0.018791946308724834","69434260","511860029.64","0.037583892617449696","-0.06402048655569782","-0.1338862559241706","-0.09305210918114143","-0.24248704663212434","-0.03942181340341656","1784185228161563938","-0.00351409395973154"
"2026-07-16 15:00:00.255","000852","2026-06-30","002727","一心堂","0.035000","002727.SZ","sz","801150.SI","医药生物",,,"11.07","11.6","11.05","11.53","11.15","0.38","0.034080717488789235","14946557","170287832.11","0.049327354260089745","0.14726368159203979","0.11293436293436293","0.16700404858299592","0.052007299270072985","-0.09284028324154209","1784185229133525955","0.00119282511210762"
"2026-07-16 15:00:00.255","000852","2026-06-30","002737","葵花药业","0.034000","002737.SZ","sz","801150.SI","医药生物",,,"13.33","13.9","13.28","13.81","13.44","0.37","0.027529761904761904","14523167","197935717.42","0.04613095238095232","0.112812248186946","0.10215482841181166","0.20191470844212356","0.07890625","-0.07687165775401068","1784185215219539447","0.000936011904761905"
"2026-07-16 15:00:00.255","000852","2026-06-30","002745","木林森","0.134000","002745.SZ","sz","801080.SI","电子",,,"11.67","12.24","11.43","11.65","11.95","-0.30","-0.02510460251046025","102172723","1206875015.99","0.06778242677824271","-0.08411949685534591","-0.02591973244147157","-0.08841940532081377","0.06880733944954129","0.23541887592788974","1784185210339761645","-0.00336401673640167"
"2026-07-16 15:00:00.255","000852","2026-06-30","002747","埃斯顿","0.200000","002747.SZ","sz","801890.SI","机械设备",,,"38.76","43.6","38.76","42.43","40.9","1.53","0.03740831295843521","118780855","4986099684.01","0.11833740831295853","0.021671081146159402","-0.05226714317623408","0.22382463224689933","0.4982344632768361","0.7918074324324325","1784185221829497991","0.00748166259168704"
"2026-07-16 15:00:00.255","000852","2026-06-30","002755","奥赛康","0.052000","002755.SZ","sz","801150.SI","医药生物",,,"14.4","14.66","13.91","14.55","14.47","0.08","0.0055286800276434","21736618","312368061.67","0.051831375259156875","0.01962158374211633","-0.03896961690885072","0.16399999999999998","-0.0006868131868131868","-0.13854351687388985","1784185234132523206","0.000287491361437457"
"2026-07-16 15:00:00.255","000852","2026-06-30","002761","浙江建投","0.045000","002761.SZ","sz","801720.SI","建筑装饰",,,"6.89","6.99","6.86","6.93","6.93","0.00","0.0","9548800","66241331","0.018759018759018743","0.004347826086956521","-0.0028776978417266188","0.043674698795180725","-0.1034928848641656","-0.20161290322580647","1784185204830342481","0"
"2026-07-16 15:00:00.255","000852","2026-06-30","002768","国恩股份","0.106000","002768.SZ","sz","801030.SI","基础化工",,,"59","59.26","54.89","55.59","59","-3.41","-0.05779661016949153","14232443","799444326.42","0.07406779661016945","-0.06649874055415618","0.01813186813186813","0.08786692759295499","0.8225465648854962","1.3547541287952043","1784185219057586641","-0.0061264406779661"
"2026-07-16 15:00:00.255","000852","2026-06-30","002779","中坚科技","0.074000","002779.SZ","sz","801890.SI","机械设备",,,"69","69.74","66.33","67.02","69.32","-2.30","-0.033179457587997695","2531500","170889708.2","0.04919215233698783","-0.12024153321081647","-0.17927994121969143","-0.04611443210930828","-0.07931972415308955","-0.41728833011633365","1784185237447676434","-0.00245527986151183"
"2026-07-16 15:00:00.255","000852","2026-06-30","002807","江阴银行","0.103000","002807.SZ","sz","801780.SI","银行",,,"4.01","4.03","3.96","3.98","4.01","-0.03","-0.007481296758104738","37031999","147827450.13","0.01745635910224446","0.025773195876288662","0.033766233766233764","0.052910052910052914","0.16379893668438858","0.11787372330547818","1784185249112645653","-0.000770573566084788"
"2026-07-16 15:00:00.255","000852","2026-06-30","002815","崇达技术","0.126000","002815.SZ","sz","801080.SI","电子",,,"14.88","16.37","14.81","15.24","15.41","-0.17","-0.011031797534068787","77709295","1212549505.35","0.101232965606749","-0.11137026239067056","0.02488231338264963","-0.13800904977375567","-0.09929078014184396","0.11403508771929825","1784185223973665654","-0.00139000648929267"
"2026-07-16 15:00:00.255","000852","2026-06-30","002827","高争民爆","0.034000","002827.SZ","sz","801030.SI","基础化工",,,"24.7","25.63","24.42","25.07","24.7","0.37","0.014979757085020242","4765207","119557593.49","0.048987854251012174","0.11175166297117517","0.013748483623129802","0.047201336675020876","-0.13252595155709343","-0.3253498385360603","1784185235281898315","0.000509311740890688"
"2026-07-16 15:00:00.255","000852","2026-06-30","002832","比音勒芬","0.072000","002832.SZ","sz","801130.SI","纺织服饰",,,"21.9","22.38","21.63","21.69","22.11","-0.42","-0.018995929443690638","10080563","220550530.93","0.033921302578018994","0.06742125984251969","0.036806883365200764","0.08449999999999999","0.19570011025358322","0.5890109890109889","1784185205570832028","-0.00136770691994573"
"2026-07-16 15:00:00.255","000852","2026-06-30","002838","道恩股份","0.075000","002838.SZ","sz","801030.SI","基础化工",,,"33.04","33.1","31.26","31.44","33.33","-1.89","-0.05670567056705671","10763305","345011284.1","0.05520552055205531","0.004793863854266538","-0.0839160839160839","-0.026323939300092906","-0.10656436487638535","0.33333333333333337","1784185217249804730","-0.00425292529252925"
"2026-07-16 15:00:00.255","000852","2026-06-30","002839","张家港行","0.078000","002839.SZ","sz","801780.SI","银行",,,"4.33","4.37","4.27","4.3200","4.33","-0.0100","-0.0023094688221709007","26764038","115400060.24","0.02309468822170913","0.05623471882640587","0.06666666666666668","0.08","0.033492822966507185","-0.004608294930875576","1784185208191511396","-0.00018013856812933"
"2026-07-16 15:00:00.255","000852","2026-06-30","002840","华统股份","0.036000","002840.SZ","sz","801120.SI","食品饮料",,,"7.7","8.15","7.68","8.11","7.76","0.35","0.045103092783505154","30819730","247726617.74","0.06056701030927843","0.06992084432717678","0.02398989898989899","0.10943912448700412","-0.1146288209606987","-0.15958549222797927","1784185225772572904","0.00162371134020619"
"2026-07-16 15:00:00.255","000852","2026-06-30","002847","盐津铺子","0.050000","002847.SZ","sz","801120.SI","食品饮料",,,"47.4","50.5","47.1","50.35","47.8","2.55","0.053347280334728034","7396911","365239847.31","0.07112970711297067","0.13579968418678096","0.06493231810490693","0.12288135593220338","-0.0744485294117647","-0.2638888888888889","1784185241731617295","0.0026673640167364"
"2026-07-16 15:00:00.255","000852","2026-06-30","002859","洁美科技","0.242000","002859.SZ","sz","801080.SI","电子",,,"71.72","74.2","68.51","69.83","72.53","-2.70","-0.037225975458430996","16104917","1149246746.26","0.078450296429064","-0.15704973442781264","-0.2513133912297631","-0.3270694805820565","0.00014322543683758238","1.409592822636301","1784185242956404330","-0.0090086860609403"
"2026-07-16 15:00:00.255","000852","2026-06-30","002867","周大生","0.050000","002867.SZ","sz","801130.SI","纺织服饰",,,"12.41","12.8","12.32","12.73","12.41","0.32","0.0257856567284448","16247013","205940817.43","0.038678485092667095","0.06349206349206349","0.06260434056761269","0.10888501742160278","0.026612903225806454","0.04003267973856209","1784185219057606761","0.00128928283642224"
"2026-07-16 15:00:00.255","000852","2026-06-30","002881","美格智能","0.049000","002881.SZ","sz","801770.SI","通信",,,"36","39.05","35.7","39.05","35.5","3.55","0.09999999999999999","12360648","470338399.74","0.09436619718309863","0.07339197361187465","0.008522727272727274","0.09537166900420757","-0.21174808235769077","-0.1385395984998897","1784185249112682523","0.0049"
"2026-07-16 15:00:00.255","000852","2026-06-30","002882","金龙羽","0.025000","002882.SZ","sz","801730.SI","电力设备",,,"17.01","17.81","17.01","17.45","17.25","0.20","0.011594202898550725","4050600","70962444","0.04637681159420294","0.002873563218390805","-0.10969387755102039","-0.05980603448275863","-0.24622030237580997","-0.42973856209150324","1784185205570770598","0.000289855072463768"
"2026-07-16 15:00:00.255","000852","2026-06-30","002891","中宠股份","0.053000","002891.SZ","sz","801010.SI","农林牧渔",,,"28.46","29.89","28.46","29.58","28.64","0.94","0.03282122905027933","19174680","561066782.15","0.049930167597765356","0.1412037037037037","0.060215053763440864","0.1412037037037037","0.006464783940115686","-0.43333333333333335","1784185217249834890","0.0017395251396648"
"2026-07-16 15:00:00.255","000852","2026-06-30","002892","科力尔","0.042000","002892.SZ","sz","801730.SI","电力设备",,,"9","9.27","8.98","9.21","9.09","0.12","0.013201320132013201","7120337","65442293.31","0.03190319031903181","0.005458515283842795","-0.0753012048192771","0.0489749430523918","-0.20781008085325994","-0.3104222821203953","1784185244258029713","0.000554455445544555"
"2026-07-16 15:00:00.255","000852","2026-06-30","002895","川恒股份","0.109000","002895.SZ","sz","801030.SI","基础化工",,,"31.08","31.25","30.17","30.4","31.11","-0.71","-0.022822243651558983","6105020","186538735.21","0.03471552555448414","0.05555555555555556","-0.04100946372239748","-0.001969796454366382","-0.11189015483494012","-0.11884057971014492","1784185204830341561","-0.00248762455801993"
"2026-07-16 15:00:00.255","000852","2026-06-30","002896","中大力德","0.092000","002896.SZ","sz","801890.SI","机械设备",,,"69.61","73.58","69.01","71.6","70.88","0.72","0.010158013544018058","8045732","578202833.18","0.06447516930022583","-0.04021447721179625","-0.16257309941520467","0.020233684810487314","-0.12810521188504626","-0.1896785875961974","1784185233002982742","0.000934537246049661"
"2026-07-16 15:00:00.255","000852","2026-06-30","002897","意华股份","0.105000","002897.SZ","sz","801770.SI","通信",,,"70","73.17","67.18","69.66","71.01","-1.35","-0.019011406844106463","11231817","791739619.47","0.08435431629347992","-0.21332580463015247","-0.10347490347490346","-0.17562130177514793","-0.12432432432432433","0.35209627329192544","1784185234132511545","-0.00199619771863118"
"2026-07-16 15:00:00.255","000852","2026-06-30","002901","大博医疗","0.035000","002901.SZ","sz","801150.SI","医药生物",,,"47.8","48.44","46.48","47.69","48.23","-0.54","-0.01119635081899233","3642240","172434726.03","0.04063860667634254","0.06048476762285969","0.06522224704042885","0.15584100824042657","0.19344344344344344","-0.02733020599632878","1784185204830278400","-0.000391872278664732"
"2026-07-16 15:00:00.255","000852","2026-06-30","002906","华阳集团","0.067000","002906.SZ","sz","801880.SI","汽车",,,"23.5","24.27","23.47","24.16","23.74","0.42","0.017691659646166806","4511000","108184192.98","0.03369839932603204","-0.021862348178137654","-0.08761329305135951","0.001658374792703151","-0.21045751633986928","-0.1986733001658375","1784185249112676643","0.00118534119629318"
"2026-07-16 15:00:00.255","000852","2026-06-30","002911","佛燃能源","0.019000","002911.SZ","sz","801160.SI","公用事业",,,"10.36","10.41","10.26","10.39","10.36","0.03","0.0028957528957528956","5126752","53060986.5","0.01447876447876451","0.043172690763052204","-0.0009615384615384615","0.07556935817805382","-0.08619173262972736","-0.07971656333038088","1784185248093862567","5.5019305019305E-05"
"2026-07-16 15:00:00.255","000852","2026-06-30","002913","奥士康","0.083000","002913.SZ","sz","801080.SI","电子",,,"48.83","50.33","46.83","47.8","48.98","-1.18","-0.024091465904450795","6708705","325931420.13","0.07145773785218455","-0.14795008912655971","-0.16360454943132108","-0.25265791119449654","-0.11366586315594289","0.11188648522912303","1784185245122061820","-0.00199959167006942"
"2026-07-16 15:00:00.255","000852","2026-06-30","002922","伊戈尔","0.100000","002922.SZ","sz","801080.SI","电子",,,"25.3","25.96","24.76","24.88","25.81","-0.93","-0.036032545524990314","16295937","411921192.61","0.046493607129019725","-0.13850415512465375","-0.1608768971332209","-0.21981812480401378","-0.4691700448047792","-0.18639633747547418","1784185231743303640","-0.00360325455249903"
"2026-07-16 15:00:00.255","000852","2026-06-30","002925","盈趣科技","0.078000","002925.SZ","sz","801080.SI","电子",,,"22.38","23.13","22.01","22.54","22.68","-0.14","-0.00617283950617284","16347070","371237340.32","0.04938271604938276","-0.01572052401746725","-0.05373635600335852","-0.0984","0.13437342727730245","0.24050632911392403","1784185217249861010","-0.000481481481481481"
"2026-07-16 15:00:00.255","000852","2026-06-30","002928","华夏航空","0.055000","002928.SZ","sz","801170.SI","交通运输",,,"6.09","6.19","6.05","6.12","6.17","-0.05","-0.008103727714748784","25534320","156352392.25","0.022690437601296545","-0.04225352112676057","-0.12195121951219512","-0.19895287958115185","-0.2010443864229765","-0.4390467461044913","1784185210339692635","-0.000445705024311183"
"2026-07-16 15:00:00.255","000852","2026-06-30","002929","润建股份","0.097000","002929.SZ","sz","801770.SI","通信",,,"55.95","58.6","55.32","55.73","56.84","-1.11","-0.01952850105559465","13228626","750736819.34","0.057705840957072374","-0.052210884353741494","-0.19220176837222788","-0.11399046104928458","-0.26786652653704673","0.373675129405965","1784185237447705064","-0.00189426460239268"
"2026-07-16 15:00:00.255","000852","2026-06-30","002936","郑州银行","0.084000","002936.SZ","sz","801780.SI","银行",,,"1.76","1.78","1.74","1.76","1.76","0.00","0.0","96075787","169018550.07","0.02272727272727275","0.04761904761904762","0.04142011834319527","0.05389221556886228","0.0","-0.09278350515463918","1784185237447715754","0"
"2026-07-16 15:00:00.255","000852","2026-06-30","002941","新疆交建","0.042000","002941.SZ","sz","801720.SI","建筑装饰",,,"9.49","9.78","9.42","9.68","9.51","0.17","0.01787592008412198","11356348","109652800.8","0.0378548895899053","0.037513397642015","-0.002061855670103093","0.01467505241090147","-0.18791946308724833","-0.3892744479495268","1784185246736760206","0.000750788643533123"
"2026-07-16 15:00:00.255","000852","2026-06-30","002946","新乳业","0.037000","002946.SZ","sz","801120.SI","食品饮料",,,"15.3","16.1","15.24","15.85","15.4","0.45","0.02922077922077922","10527900","165813085.18","0.05584415584415581","0.12972202423378476","0.08265027322404371","0.146059291395517","-0.05822935234699941","-0.1179744017807457","1784185210339764125","0.00108116883116883"
"2026-07-16 15:00:00.255","000852","2026-06-30","002947","恒铭达","0.140000","002947.SZ","sz","801080.SI","电子",,,"63.19","65.5","61.3","62.34","63.16","-0.82","-0.012982900569981","8125820","516067508.61","0.0664977834072198","-0.16074313408723748","-0.1484769840185767","-0.2345284872298625","-0.34080575235275457","0.2223529411764706","1784185235281941645","-0.00181760607979734"
"2026-07-16 15:00:00.255","000852","2026-06-30","002948","青岛银行","0.110000","002948.SZ","sz","801780.SI","银行",,,"5.65","5.69","5.52","5.59","5.66","-0.07","-0.01236749116607774","38090277","212880015.29","0.030035335689045924","0.03136531365313654","0.060721062618595834","0.05871212121212121","0.09607843137254903","0.34698795180722886","1784185208191521636","-0.00136042402826855"
"2026-07-16 15:00:00.255","000852","2026-06-30","002958","青农商行","0.125000","002958.SZ","sz","801780.SI","银行",,,"2.95","2.98","2.91","2.97","2.95","0.02","0.006779661016949152","71290286","210302230.05","0.023728813559322128","0.07220216606498195","0.0959409594095941","0.12075471698113208","0.09191176470588235","0.0","1784185223973826146","0.000847457627118644"
"2026-07-16 15:00:00.255","000852","2026-06-30","002960","青鸟智控","0.055000","002960.SZ","sz","801890.SI","机械设备",,,"8.13","8.22","8.07","8.18","8.19","-0.01","-0.001221001221001221","9634678","78601884.09","0.01831501831501814","-0.01207729468599034","-0.06621004566210045","-0.014457831325301203","-0.047729918509895226","0.10085981308411215","1784185204830314970","-6.71550671550672E-05"
"2026-07-16 15:00:00.255","000852","2026-06-30","002961","瑞达期货","0.029000","002961.SZ","sz","801790.SI","非银金融",,,"18.9","19.17","18.69","18.9","18.91","-0.01","-0.0005288207297726071","4998549","94424217.55","0.02538339502908516","-0.007352941176470589","-0.0685066535239034","-0.04881731253145445","-0.13223140495867766","-0.2958271236959762","1784185241731582235","-1.53358011634056E-05"
"2026-07-16 15:00:00.255","000852","2026-06-30","002965","祥鑫科技","0.111000","002965.SZ","sz","801880.SI","汽车",,,"49.11","52.38","49","50.6","49.72","0.88","0.017699115044247787","17629186","900876447.31","0.0679806918744971","-0.012682926829268294","-0.03802281368821293","-0.02467232074016962","0.48430624816661777","0.24171779141104294","1784185229133522705","0.0019646017699115"
"2026-07-16 15:00:00.255","000852","2026-06-30","002967","广电计量","0.059000","002967.SZ","sz","801210.SI","社会服务",,,"17.08","17.49","17.02","17.29","17.3","-0.01","-0.0005780346820809249","5483980","94738855.22","0.027167630057803403","-0.04422332780541736","-0.09476439790575916","-0.042105263157894736","-0.1828922495274102","-0.2108626198083067","1784185245122662464","-3.41040462427746E-05"
"2026-07-16 15:00:00.255","000852","2026-06-30","002978","安宁股份","0.037000","002978.SZ","sz","801050.SI","有色金属",,,"25.85","26.35","25.7","26.19","26.04","0.15","0.00576036866359447","2490004","64818960.53","0.024961597542242645","0.043842168194499806","-0.007202426080363912","0.05989477944152165","-0.050743022834360274","-0.19613259668508287","1784185208191516406","0.000213133640552995"
"2026-07-16 15:00:00.255","000852","2026-06-30","002979","雷赛智能","0.108000","002979.SZ","sz","801890.SI","机械设备",,,"60.54","62.25","58.16","58.51","61.84","-3.33","-0.053848641655886154","16711142","1004214602.4","0.06613842173350587","-0.09832023424256434","-0.1556998556998557","0.13832684824902725","0.031194924215720832","0.3984225621414914","1784185251479163614","-0.0058156532988357"
"2026-07-16 15:00:00.255","000852","2026-06-30","002985","北摩高科","0.057000","002985.SZ","sz","801740.SI","国防军工",,,"24.71","25.3","24.45","24.92","24.88","0.04","0.0016077170418006433","4161091","103719077.32","0.034163987138263574","-0.02427564604541895","-0.12191684284707541","-0.11253561253561255","-0.21014263074484943","-0.22391778262223608","1784185245122002499","9.16398713826367E-05"
"2026-07-16 15:00:00.255","000852","2026-06-30","002987","京北方","0.052000","002987.SZ","sz","801750.SI","计算机",,,"9.65","9.93","9.57","9.87","9.66","0.21","0.021739130434782608","12505769","122812100.58","0.03726708074534155","0.03134796238244514","-0.009036144578313253","0.0010141987829614604","-0.16355932203389828","-0.293879173290938","1784185242956429430","0.0011304347826087"
"2026-07-16 15:00:00.255","000852","2026-06-30","002993","奥海科技","0.101000","002993.SZ","sz","801080.SI","电子",,,"47.77","48.79","45.2","46","48.74","-2.74","-0.05621665982765696","9931727","464486871.2","0.07365613459171119","-0.23979507519418278","-0.30112427833485267","-0.3174061433447099","-0.32630345635618047","0.056499770326136886","1784185228161488907","-0.00567788264259335"
"2026-07-16 15:00:00.255","000852","2026-06-30","003006","百亚股份","0.026000","003006.SZ","sz","801980.SI","美容护理",,,"13.49","14.02","13.4","13.9","13.62","0.28","0.020558002936857566","7706300","105782556.97","0.04552129221732753","0.018315018315018316","-0.06836461126005362","0.006517016654598117","-0.1419753086419753","-0.3424787133396405","1784185235281940715","0.000534508076358297"
"2026-07-16 15:00:00.255","000852","2026-06-30","003010","若羽臣","0.047000","003010.SZ","sz","801200.SI","商贸零售",,,"24.83","26.4","24.44","26.23","24.56","1.67","0.06799674267100977","23180534","593137863.71","0.07980456026058634","0.16889483065953653","0.06108414239482201","0.19553327256153144","0.0883817427385892","-0.25736126840317103","1784185229133475485","0.00319584690553746"
"2026-07-16 15:00:00.255","000852","2026-06-30","003039","顺控发展","0.021000","003039.SZ","sz","801970.SI","环保",,,"11.38","11.51","11.3","11.44","11.38","0.06","0.005272407732864674","3419604","39072869.7600","0.018453427065026437","0.04570383912248629","-0.004351610095735422","0.026008968609865468","-0.07428386470302638","-0.32934693398991677","1784185234132488715","0.000110720562390158"
"2026-07-16 15:00:00.255","000852","2026-06-30","300007","汉威科技","0.103000","300007.SZ","sz_chi_next","801890.SI","机械设备",,,"34.9","36.2","34.53","35.7","35.49","0.21","0.005917159763313609","10391284","367948524.77","0.04705550859396998","-0.039289558665231435","-0.174948000924428","0.026156941649899398","-0.22239163580919194","-0.4367308299147996","1784185245889477936","0.000609467455621302"
"2026-07-16 15:00:00.255","000852","2026-06-30","300008","天海防务","0.107000","300008.SZ","sz_chi_next","801740.SI","国防军工",,,"5.75","5.81","5.69","5.78","5.8","-0.02","-0.003448275862068966","29579146","170517174.88","0.02068965517241381","-0.030201342281879193","-0.08370323398858592","-0.061383566092887296","-0.13705583756345177","-0.3076185912793483","1784185219057579711","-0.000368965517241379"
"2026-07-16 15:00:00.255","000852","2026-06-30","300009","安科生物","0.094000","300009.SZ","sz_chi_next","801150.SI","医药生物",,,"8.7","8.8","8.52","8.7","8.78","-0.08","-0.009111617312072894","34966062","303340101.75","0.03189066059225505","0.07407407407407407","0.0661764705882353","0.16","0.12694300518134716","-0.08709338929695698","1784185215219499216","-0.000856492027334852"
"2026-07-16 15:00:00.255","000852","2026-06-30","300026","红日药业","0.063000","300026.SZ","sz_chi_next","801150.SI","医药生物",,,"3.36","3.52","3.29","3.43","3.43","0.00","0.0","114932373","390524730.97","0.06705539358600582","0.11363636363636363","0.08544303797468354","0.18275862068965518","0.07861635220125786","-0.04456824512534819","1784185233002843191","0"
"2026-07-16 15:00:00.255","000852","2026-06-30","300031","宝通科技","0.098000","300031.SZ","sz_chi_next","801760.SI","传媒",,,"20.5","20.85","19.77","20.02","20.68","-0.66","-0.03191489361702128","19646009","399784093.81","0.05222437137330746","-0.1366968520914187","-0.2350019105846389","-0.32751091703056767","-0.17545304777594725","-0.13069908814589665","1784185249112684923","-0.00312765957446809"
"2026-07-16 15:00:00.255","000852","2026-06-30","300034","钢研高纳","0.084000","300034.SZ","sz_chi_next","801740.SI","国防军工",,,"15.75","15.95","15.53","15.63","15.91","-0.28","-0.01759899434318039","9411777","147892771.27","0.02639849151477058","-0.032198142414860687","-0.12436974789915967","-0.08489461358313818","-0.20490385593651436","-0.21012734990903578","1784185221829578772","-0.00147831552482715"
"2026-07-16 15:00:00.255","000852","2026-06-30","300035","中科电气","0.101000","300035.SZ","sz_chi_next","801730.SI","电力设备",,,"12.6","12.75","12.45","12.49","12.64","-0.15","-0.011867088607594936","11995121","150815371.05","0.023734177215189927","-0.046564885496183206","-0.12596221133659904","-0.11980267794221283","-0.25743162901307964","-0.42014856081708457","1784185244258562877","-0.00119857594936709"
"2026-07-16 15:00:00.255","000852","2026-06-30","300036","超图软件","0.057000","300036.SZ","sz_chi_next","801750.SI","计算机",,,"10.83","11.18","10.67","11.01","10.83","0.18","0.01662049861495845","10166900","111655816","0.04709141274238225","0.010091743119266056","-0.01520572450805009","-0.01784121320249777","-0.18685376661742983","-0.3953871499176277","1784185249112642253","0.000947368421052632"
"2026-07-16 15:00:00.255","000852","2026-06-30","300045","华力创通","0.094000","300045.SZ","sz_chi_next","801740.SI","国防军工",,,"15.3","15.98","15.14","15.58","15.48","0.10","0.006459948320413437","14002025","217619913.37","0.05426356589147286","-0.06031363088057902","-0.11977401129943505","-0.07372175980975029","-0.23439803439803436","-0.4711473183978276","1784185223973815906","0.000607235142118863"
"2026-07-16 15:00:00.255","000852","2026-06-30","300047","天源迪科","0.058000","300047.SZ","sz_chi_next","801750.SI","计算机",,,"9.01","9.43","8.97","9.25","9.12","0.13","0.014254385964912282","21453565","198656475.34","0.05043859649122816","-0.019088016967126194","0.01984564498346196","0.03932584269662921","-0.2693522906793049","-0.27165354330708663","1784185245889410286","0.000826754385964912"
"2026-07-16 15:00:00.255","000852","2026-06-30","300049","福瑞医科","0.105000","300049.SZ","sz_chi_next","801150.SI","医药生物",,,"44","44.58","42.7","42.91","44.49","-1.58","-0.035513598561474485","10148463","442248085.36","0.042256686895931726","0.030499519692603266","-0.06146106736657918","0.16004325493376587","-0.06737665724842426","-0.4144377729257642","1784185234132526036","-0.00372892784895482"
"2026-07-16 15:00:00.255","000852","2026-06-30","300065","海兰信","0.165000","300065.SZ","sz_chi_next","801740.SI","国防军工",,,"18.99","19.83","18.39","18.52","19.56","-1.04","-0.05316973415132925","77171534","1464141417.85","0.07361963190184037","-0.2280116715298041","-0.17136465324384786","-0.1378026070763501","-0.18089340999557718","-0.008565310492505354","1784185234132493855","-0.00877300613496933"
"2026-07-16 15:00:00.255","000852","2026-06-30","300070","碧水源","0.071000","300070.SZ","sz_chi_next","801970.SI","环保",,,"3.48","3.54","3.45","3.5","3.5","0.0","0.0","44366734","155035837.03","0.0257142857142858","0.08359133126934985","0.05740181268882175","0.09374999999999999","-0.0005711022272986865","-0.11212582445459157","1784185233002891471","0"
"2026-07-16 15:00:00.255","000852","2026-06-30","300075","数字政通","0.052000","300075.SZ","sz_chi_next","801750.SI","计算机",,,"10.43","10.78","10.31","10.69","10.43","0.26","0.024928092042186004","13915815","147777121.84","0.04506232023010553","0.04191033138401559","0.021012416427889206","0.06262425447316103","-0.1776923076923077","-0.3098773402194964","1784185242956410550","0.00129626078619367"
"2026-07-16 15:00:00.255","000852","2026-06-30","300077","国民技术","0.188000","300077.SZ","sz_chi_next","801080.SI","电子",,,"22.11","22.64","20.95","21.11","22.42","-1.31","-0.058429973238180194","49832551","1085934224.06","0.07537912578055313","-0.23652802893309224","-0.27332185886402754","-0.24902170046246888","-0.15220883534136548","0.014416146083613648","1784185241731543995","-0.0109848349687779"
"2026-07-16 15:00:00.255","000852","2026-06-30","300080","易成新能","0.036000","300080.SZ","sz_chi_next","801730.SI","电力设备",,,"3.45","3.53","3.42","3.47","3.45","0.02","0.005797101449275362","14150400","49232495.53","0.03188405797101446","0.02359882005899705","-0.0646900269541779","-0.0646900269541779","-0.15365853658536588","-0.3155818540433925","1784185245889496977","0.000208695652173913"
"2026-07-16 15:00:00.255","000852","2026-06-30","300083","创世纪","0.233000","300083.SZ","sz_chi_next","801890.SI","机械设备",,,"11.76","13.2","11.72","11.88","11.6","0.28","0.024137931034482762","148443640","1848012379.05","0.12758620689655176","-0.12065136935603256","-0.13030746705710103","-0.06677140612725845","0.1239356669820246","0.2801724137931035","1784185237447702024","0.00562413793103448"
"2026-07-16 15:00:00.255","000852","2026-06-30","300085","银之杰","0.152000","300085.SZ","sz_chi_next","801750.SI","计算机",,,"30.15","32.14","29.5","31.49","30.61","0.88","0.02874877491016008","70465560","2164524436.23","0.08624632473048024","-0.0019017432646592709","-0.10437997724687145","-0.125520688697584","-0.20419509729593127","-0.23918820971249094","1784185245122661495","0.00436981378634433"
"2026-07-16 15:00:00.255","000852","2026-06-30","300088","长信科技","0.297000","300088.SZ","sz_chi_next","801080.SI","电子",,,"7.25","7.44","7.01","7.09","7.36","-0.27","-0.036684782608695655","146619838","1057461649.39","0.05842391304347822","-0.20337078651685392","-0.2823886639676113","-0.3924592973436161","-0.08751608751608753","0.175787728026534","1784185205570862039","-0.0108953804347826"
"2026-07-16 15:00:00.255","000852","2026-06-30","300098","高新兴","0.082000","300098.SZ","sz_chi_next","801770.SI","通信",,,"4.3","4.46","4.28","4.38","4.3500","0.0300","0.006896551724137931","34929504","153164773.22","0.041379310344827516","-0.006802721088435374","-0.03736263736263737","-0.026666666666666665","-0.22751322751322753","-0.288961038961039","1784185231743247209","0.00056551724137931"
"2026-07-16 15:00:00.255","000852","2026-06-30","300101","振芯科技","0.075000","300101.SZ","sz_chi_next","801740.SI","国防军工",,,"14.62","14.98","14.49","14.8","14.73","0.07","0.004752206381534284","8351578","123140780.12","0.03326544467073988","-0.05491698595146871","-0.11164465786314526","-0.011356045424181697","-0.1863661352391424","-0.450018580453363","1784185223973682505","0.000356415478615071"
"2026-07-16 15:00:00.255","000852","2026-06-30","300102","乾照光电","0.172000","300102.SZ","sz_chi_next","801080.SI","电子",,,"18.43","19.03","17.91","18.01","18.8","-0.79","-0.04202127659574468","35593239","654011156.54","0.05957446808510625","-0.16271501627150162","-0.2945554249902076","-0.2600657354149548","-0.3065075086638429","-0.3065075086638429","1784185233002863091","-0.00722765957446808"
"2026-07-16 15:00:00.255","000852","2026-06-30","300113","顺网科技","0.088000","300113.SZ","sz_chi_next","801760.SI","传媒",,,"16.49","17.22","16.46","16.83","16.77","0.06","0.0035778175313059034","18926908","319344803.76","0.045319022063207995","-0.053430821147356575","-0.050761421319796954","-0.060825892857142856","-0.25233229675699687","-0.18261291889266634","1784185241731604345","0.000314847942754919"
"2026-07-16 15:00:00.255","000852","2026-06-30","300119","瑞普生物","0.041000","300119.SZ","sz_chi_next","801010.SI","农林牧渔",,,"16.3","16.5","16","16.44","16.29","0.15","0.009208103130755065","4628300","75497866.58","0.030693677102516883","0.07240704500978475","0.04513668150031786","0.14325452016689846","0.03984819734345351","-0.1222637479978644","1784185233002909662","0.000377532228360958"
"2026-07-16 15:00:00.255","000852","2026-06-30","300127","银河磁体","0.037000","300127.SZ","sz_chi_next","801050.SI","有色金属",,,"23.82","23.99","23.42","23.47","23.92","-0.45","-0.018812709030100332","3367142","79645580.56","0.023829431438127102","-0.07562032296179598","-0.21082716879623403","-0.15270758122743686","-0.214524765729585","-0.2274522712310731","1784185245889497737","-0.000696070234113712"
"2026-07-16 15:00:00.255","000852","2026-06-30","300130","新国都","0.086000","300130.SZ","sz_chi_next","801750.SI","计算机",,,"17.3","18.62","17.06","17.72","17.23","0.49","0.028438769587928032","16005156","286722017.67","0.09053975623911774","-0.017193566278424846","-0.10954773869346736","-0.11620947630922693","-0.25452250736222126","-0.32029152282316836","1784185241731548645","0.00244573418456181"
"2026-07-16 15:00:00.255","000852","2026-06-30","300131","英唐智控","0.222000","300131.SZ","sz_chi_next","801080.SI","电子",,,"16.5","17.25","15.86","16.19","17","-0.81","-0.04764705882352942","61495233","1008077078.46","0.08176470588235298","-0.2227556409025444","-0.09754738015607581","-0.1905","-0.13376136971642588","0.09986413043478261","1784185245122774895","-0.0105776470588235"
"2026-07-16 15:00:00.255","000852","2026-06-30","300133","华策影视","0.096000","300133.SZ","sz_chi_next","801760.SI","传媒",,,"7.14","7.42","7.08","7.35","7.24","0.11","0.015193370165745856","80962414","590590571.39","0.046961325966850806","-0.00271370420624152","-0.005412719891745603","0.05907780979827089","-0.14614312267657992","-0.10779315367807721","1784185242956424280","0.0014585635359116"
"2026-07-16 15:00:00.255","000852","2026-06-30","300134","大富科技","0.034000","300134.SZ","sz_chi_next","801770.SI","通信",,,"7.73","8.06","7.59","7.8","7.76","0.04","0.005154639175257732","12670205","99734774.11","0.06056701030927843","-0.022556390977443608","-0.1044776119402985","-0.11664779161947905","-0.2710280373831776","-0.3925233644859813","1784185208191519906","0.000175257731958763"
"2026-07-16 15:00:00.255","000852","2026-06-30","300153","科泰电源","0.052000","300153.SZ","sz_chi_next","801730.SI","电力设备",,,"21.03","21.72","20.8","21.24","21.52","-0.28","-0.01301115241635688","6976731","148347547.43","0.042750929368029655","-0.06842105263157895","-0.06923751095530237","-0.04881325570980744","-0.24946996466431093","-0.28508919555705153","1784185228161491747","-0.000676579925650558"
"2026-07-16 15:00:00.255","000852","2026-06-30","300166","东方国信","0.165000","300166.SZ","sz_chi_next","801750.SI","计算机",,,"13.75","14.47","13.57","13.95","13.95","0.00","0.0","55249879","776411528.03","0.06451612903225809","-0.1388888888888889","-0.17699115044247787","-0.18181818181818182","-0.21230942970073402","0.3387715930902111","1784185245122685355","0"
"2026-07-16 15:00:00.255","000852","2026-06-30","300170","汉得信息","0.163000","300170.SZ","sz_chi_next","801750.SI","计算机",,,"15.02","15.63","14.8","15.21","15.01","0.20","0.013324450366422385","49911891","760755048.33","0.0552964690206529","0.013324450366422385","0.012649800266311585","0.005952380952380952","-0.1990521327014218","-0.25477707006369427","1784185221829536281","0.00217188540972685"
"2026-07-16 15:00:00.255","000852","2026-06-30","300171","东富龙","0.043000","300171.SZ","sz_chi_next","801150.SI","医药生物",,,"12.4","12.58","12.11","12.5","12.43","0.07","0.005631536604987933","16171048","200363813.71","0.0378117457763476","0.12007168458781363","0.058425063505503805","0.1606313834726091","0.07758620689655173","-0.24150485436893204","1784185249638902868","0.000242156074014481"
"2026-07-16 15:00:00.255","000852","2026-06-30","300180","华峰超纤","0.050000","300180.SZ","sz_chi_next","801030.SI","基础化工",,,"3.95","4.08","3.91","4.01","3.97","0.04","0.010075566750629723","27062441","108643132.14","0.042821158690176414","0.015189873417721518","-0.02669902912621359","0.02035623409669211","-0.20750988142292492","-0.4050445103857567","1784185221829571831","0.000503778337531486"
"2026-07-16 15:00:00.255","000852","2026-06-30","300181","佐力药业","0.101000","300181.SZ","sz_chi_next","801150.SI","医药生物",,,"14.9","15.06","14.46","14.74","15.07","-0.33","-0.021897810218978103","37999360","560343002.96","0.03981420039814198","0.1066066066066066","0.0402258292166549","0.14618973561430793","0.08702064896755161","-0.07120352867044738","1784185246736759916","-0.00221167883211679"
"2026-07-16 15:00:00.255","000852","2026-06-30","300182","捷成股份","0.104000","300182.SZ","sz_chi_next","801760.SI","传媒",,,"4.83","4.99","4.79","4.93","4.87","0.06","0.012320328542094455","102522410","504409752.04","0.04106776180698155","0.03571428571428572","0.02494802494802495","0.0556745182012848","-0.12277580071174377","-0.13204225352112678","1784185219057613441","0.00128131416837782"
"2026-07-16 15:00:00.255","000852","2026-06-30","300184","力源信息","0.207000","300184.SZ","sz_chi_next","801080.SI","电子",,,"13.09","13.5","12.68","12.84","13.45","-0.61","-0.04535315985130112","83449938","1084755802.76","0.06096654275092939","-0.17586649550706035","-0.18372536554354738","-0.2565141864504922","-0.2508751458576429","0.25759059745347695","1784185248093867307","-0.00938810408921933"
"2026-07-16 15:00:00.255","000852","2026-06-30","300185","通裕重工","0.090000","300185.SZ","sz_chi_next","801730.SI","电力设备",,,"2.71","2.74","2.69","2.71","2.73","-0.02","-0.007326007326007326","50094100","135985564","0.01831501831501825","0.0","-0.05574912891986063","-0.014545454545454545","-0.0477863668306395","-0.0477863668306395","1784185234132465945","-0.000659340659340659"
"2026-07-16 15:00:00.255","000852","2026-06-30","300188","国投智能","0.049000","300188.SZ","sz_chi_next","801750.SI","计算机",,,"9.84","10.08","9.8","9.98","9.92","0.06","0.006048387096774193","10803467","107865470.16","0.028225806451613017","0.0","0.011144883485309018","0.06510138740661686","-0.11837455830388693","-0.3306505700871898","1784185235281916255","0.000296370967741935"
"2026-07-16 15:00:00.255","000852","2026-06-30","300199","翰宇药业","0.160000","300199.SZ","sz_chi_next","801150.SI","医药生物",,,"24.91","25.53","23.8","24.47","25.26","-0.79","-0.03127474267616785","73729195","1817732100.86","0.06848772763262076","-0.05081458494957331","-0.020416333066453164","0.23773394031360648","0.004928131416837782","0.29197465681098206","1784185237447633263","-0.00500395882818686"
"2026-07-16 15:00:00.255","000852","2026-06-30","300224","正海磁材","0.076000","300224.SZ","sz_chi_next","801050.SI","有色金属",,,"11.46","11.56","11.32","11.45","11.55","-0.10","-0.008658008658008658","10620158","121650857.51","0.020779220779220644","-0.06986190089358245","-0.19309372797744892","-0.14232209737827714","-0.13323239969719908","-0.26883780332056195","1784185246736752766","-0.000658008658008658"
"2026-07-16 15:00:00.255","000852","2026-06-30","300229","拓尔思","0.099000","300229.SZ","sz_chi_next","801750.SI","计算机",,,"12.93","13.55","12.87","13.32","13.05","0.27","0.020689655172413793","23400951","310954576.01","0.052107279693486566","-0.00745156482861401","-0.019867549668874173","-0.024890190336749635","-0.2183098591549296","-0.34481062469257256","1784185208191483186","0.00204827586206897"
"2026-07-16 15:00:00.255","000852","2026-06-30","300236","上海新阳","0.296000","300236.SZ","sz_chi_next","801080.SI","电子",,,"102.03","103.39","93.03","93.7","103.56","-9.86","-0.0952105059868675","16374834","1605124322.4","0.10003862495171881","-0.28647578434358817","-0.14655250933600508","-0.197499143542309","-0.07712006303555599","0.31564167368716656","1784185217249862950","-0.0281823097721128"
"2026-07-16 15:00:00.255","000852","2026-06-30","300244","迪安诊断","0.096000","300244.SZ","sz_chi_next","801150.SI","医药生物",,,"19.95","21.55","19.3","21.18","20.53","0.65","0.031660983925962005","65675789","1355016916.36","0.10959571358986848","0.15485278080697928","0.04747774480712166","0.1212281630492324","0.23859649122807017","0.28910529519172246","1784185208191520626","0.00303945445689235"
"2026-07-16 15:00:00.255","000852","2026-06-30","300253","卫宁健康","0.122000","300253.SZ","sz_chi_next","801750.SI","计算机",,,"7.09","7.34","6.95","7.28","7.09","0.19","0.02679830747531735","87384550","628615523.96","0.05500705218617779","0.07533234859675038","0.050505050505050504","0.1080669710806697","-0.09789343246592318","-0.21382289416846653","1784185204830336021","0.00326939351198872"
"2026-07-16 15:00:00.255","000852","2026-06-30","300257","开山股份","0.117000","300257.SZ","sz_chi_next","801890.SI","机械设备",,,"23.26","23.79","22.25","22.44","23.66","-1.22","-0.05156382079459002","8312182","190470961.56","0.06508875739644966","-0.20028510334996438","-0.23150684931506849","-0.15480225988700566","-0.2457142857142857","0.6109117013639627","1784185205570760908","-0.00603296703296703"
"2026-07-16 15:00:00.255","000852","2026-06-30","300260","新莱应材","0.210000","300260.SZ","sz_chi_next","801890.SI","机械设备",,,"71.48","72.9","67.16","67.82","73.37","-5.55","-0.07564399618372632","16197631","1135137644.84","0.07823361046749346","-0.28572933122696154","-0.25879781420765025","-0.2695745826602047","0.10889470241988228","0.16830318690783808","1784185241731592875","-0.0158852391985825"
"2026-07-16 15:00:00.255","000852","2026-06-30","300276","三丰智能","0.072000","300276.SZ","sz_chi_next","801890.SI","机械设备",,,"6.8","7.03","6.74","6.97","6.89","0.08","0.011611030478955007","33890080","234894570.17","0.0420899854862119","-0.002861230329041488","-0.09362808842652795","0.04029850746268657","-0.20705346985210468","-0.2799586776859504","1784185219057563640","0.00083599419448476"
"2026-07-16 15:00:00.255","000852","2026-06-30","300284","苏交科","0.039000","300284.SZ","sz_chi_next","801720.SI","建筑装饰",,,"5.22","5.44","5.21","5.37","5.26","0.11","0.020912547528517112","14612244","78135908.4","0.043726235741444776","0.06972111553784861","0.04069767441860465","0.06126482213438736","-0.07413793103448275","-0.31417624521072796","1784185215219561847","0.000815589353612167"
"2026-07-16 15:00:00.255","000852","2026-06-30","300294","博雅生物","0.044000","300294.SZ","sz_chi_next","801150.SI","医药生物",,,"15.56","16.36","15.56","16.21","15.76","0.45","0.02855329949238579","11831057","189796069.83","0.050761421319796995","0.12726008344923503","0.07067371202113606","0.142353770260747","0.05328135152696556","-0.28978268489309494","1784185205570829288","0.00125634517766497"
"2026-07-16 15:00:00.255","000852","2026-06-30","300296","利亚德","0.125000","300296.SZ","sz_chi_next","801080.SI","电子",,,"5.25","5.33","5.18","5.26","5.31","-0.05","-0.009416195856873824","53139802","279495356.98","0.028248587570621535","0.0019047619047619048","-0.0673758865248227","-0.05225225225225225","-0.2474964234620887","-0.15839999999999999","1784185231743338640","-0.00117702448210923"
"2026-07-16 15:00:00.255","000852","2026-06-30","300298","三诺生物","0.048000","300298.SZ","sz_chi_next","801150.SI","医药生物",,,"15.53","16.01","15.4","15.95","15.62","0.33","0.021126760563380285","11639978","183743397.15","0.039052496798975635","0.12008426966292135","0.06404269513008672","0.16849816849816848","0.024405908798972382","-0.09988713318284426","1784185242956429910","0.00101408450704225"
"2026-07-16 15:00:00.255","000852","2026-06-30","300303","聚飞光电","0.161000","300303.SZ","sz_chi_next","801080.SI","电子",,,"7.3","7.53","7.2","7.28","7.47","-0.19","-0.025435073627844713","40733544","299812597.93","0.044176706827309245","-0.19558011049723756","-0.19558011049723756","-0.2876712328767123","-0.21467098166127294","0.0881913303437967","1784185228161509677","-0.004095046854083"
"2026-07-16 15:00:00.255","000852","2026-06-30","300315","掌趣科技","0.108000","300315.SZ","sz_chi_next","801760.SI","传媒",,,"4.02","4.19","3.96","4.16","4.05","0.11","0.027160493827160494","105378792","433158746.36","0.05679012345679001","0.04522613065326633","0.05050505050505051","0.09473684210526316","-0.07555555555555556","-0.19379844961240308","1784185249638912638","0.00293333333333333"
"2026-07-16 15:00:00.255","000852","2026-06-30","300319","麦捷科技","0.216000","300319.SZ","sz_chi_next","801080.SI","电子",,,"18.44","18.86","17.42","17.65","19","-1.35","-0.07105263157894737","71779765","1300484919.98","0.07578947368421059","-0.2056705670567057","-0.32582123758594345","-0.43064516129032254","0.17619618819139013","0.5026391963221521","1784185219057608911","-0.0153473684210526"
"2026-07-16 15:00:00.255","000852","2026-06-30","300322","硕贝德","0.095000","300322.SZ","sz_chi_next","801080.SI","电子",,,"19.7","20.19","18.5","19.16","19.94","-0.78","-0.0391173520561685","21896748","424380429.9","0.08475426278836498","-0.1322463768115942","-0.19087837837837837","-0.2384737678855326","-0.4533523537803139","-0.32008516678495386","1784185229133530126","-0.00371614844533601"
"2026-07-16 15:00:00.255","000852","2026-06-30","300323","华灿光电","0.204000","300323.SZ","sz_chi_next","801080.SI","电子",,,"13.13","13.46","12.49","12.63","13.41","-0.78","-0.05816554809843401","70705761","916246307.77","0.07233407904548836","-0.21892393320964748","-0.29637883008356547","-0.3476239669421488","-0.2592375366568915","0.5611866501854141","1784185251479181644","-0.0118657718120805"
"2026-07-16 15:00:00.255","000852","2026-06-30","300327","中颖电子","0.090000","300327.SZ","sz_chi_next","801080.SI","电子",,,"24.8","25.8","24.16","24.35","25.13","-0.78","-0.031038599283724634","19130779","476559643.96","0.06526064464783116","-0.19583883751651254","-0.22501591343093572","-0.21095268956578095","-0.1745762711864407","-0.15773088896575577","1784185248093987328","-0.00279347393553522"
"2026-07-16 15:00:00.255","000852","2026-06-30","300337","银邦股份","0.059000","300337.SZ","sz_chi_next","801050.SI","有色金属",,,"9.75","9.98","9.63","9.69","9.91","-0.22","-0.022199798183652877","17066747","166815508.08","0.03531786074672063","-0.10194624652455979","-0.1978476821192053","-0.16031195840554593","-0.28275351591413767","-0.4014823965410747","1784185225772530904","-0.00130978809283552"
"2026-07-16 15:00:00.255","000852","2026-06-30","300341","麦克奥迪","0.035000","300341.SZ","sz_chi_next","801150.SI","医药生物",,,"12.18","12.47","12.07","12.27","12.27","0.00","0.0","4126395","50753476.5","0.032599837000814876","-0.026962727993655834","-0.07045454545454546","-0.067629179331307","-0.18254497001998668","-0.26128838049367853","1784185225772517574","0"
"2026-07-16 15:00:00.255","000852","2026-06-30","300342","天银机电","0.164000","300342.SZ","sz_chi_next","801110.SI","家用电器",,,"37","37.97","36.06","36.28","37.6900","-1.4100","-0.037410453701247015","17388171","641829537.2","0.05067657203502264","-0.15470643056849953","-0.26825332795482054","-0.18325078793336336","-0.31932457786116325","0.09574146783449108","1784185251479183164","-0.00613531440700451"
"2026-07-16 15:00:00.255","000852","2026-06-30","300348","长亮科技","0.073000","300348.SZ","sz_chi_next","801750.SI","计算机",,,"8.4","8.7","8.36","8.59","8.43","0.16","0.018979833926453145","17234100","147793708.5","0.04033214709371291","0.010588235294117647","-0.041294642857142856","-0.03265765765765765","-0.17924708580164342","-0.43471966306922877","1784185234132454895","0.00138552787663108"
"2026-07-16 15:00:00.255","000852","2026-06-30","300353","东土科技","0.131000","300353.SZ","sz_chi_next","801770.SI","通信",,,"19.23","19.75","19.12","19.44","19.36","0.08","0.004132231404958678","10977599","214273183.79","0.03254132231404972","-0.06673067690830534","-0.14923413566739605","-0.03762376237623762","-0.12234762979683973","-0.07823613086770981","1784185223973686165","0.000541322314049587"
"2026-07-16 15:00:00.255","000852","2026-06-30","300357","我武生物","0.075000","300357.SZ","sz_chi_next","801150.SI","医药生物",,,"24.5","26.59","24.31","25.79","24.62","1.17","0.04752233956133225","26607737","679709893.87","0.09260763606823724","0.12179208351457155","0.07503126302626095","0.21938534278959812","0.17333939945404914","-0.13572386058981234","1784185249638772767","0.00356417546709992"
"2026-07-16 15:00:00.255","000852","2026-06-30","300360","炬华科技","0.043000","300360.SZ","sz_chi_next","801730.SI","电力设备",,,"11.51","11.7","11.4","11.61","11.53","0.08","0.006938421509106679","5280900","61142492.8","0.02601908065914995","0.022907488986784144","-0.03651452282157676","-0.0008605851979345956","-0.17717930545712263","-0.31463990554899646","1784185248093943028","0.000298352124891587"
"2026-07-16 15:00:00.255","000852","2026-06-30","300363","博腾股份","0.054000","300363.SZ","sz_chi_next","801150.SI","医药生物",,,"18.69","19.2","17.85","18.76","18.86","-0.10","-0.005302226935312832","41215257","763061234.35","0.0715800636267233","0.10743801652892561","0.11005917159763315","0.15945611866501855","0.2658569500674764","-0.23584521384928717","1784185249112683203","-0.000286320254506893"
"2026-07-16 15:00:00.255","000852","2026-06-30","300376","易事特","0.061000","300376.SZ","sz_chi_next","801730.SI","电力设备",,,"4.78","4.85","4.77","4.82","4.81","0.01","0.002079002079002079","12914600","62232006","0.016632016632016643","-0.07307692307692308","-0.05675146771037181","-0.06589147286821706","-0.11070110701107011","-0.2409448818897638","1784185233002950592","0.000126819126819127"
"2026-07-16 15:00:00.255","000852","2026-06-30","300378","鼎捷数智","0.080000","300378.SZ","sz_chi_next","801750.SI","计算机",,,"29.73","30.53","29.21","29.91","29.8","0.11","0.003691275167785235","8015145","239824366","0.04429530201342283","-0.09500756429652044","-0.17512410369553227","-0.15532335498446767","-0.17761891668957933","-0.37946058091286305","1784185210339741596","0.000295302013422819"
"2026-07-16 15:00:00.255","000852","2026-06-30","300398","飞凯材料","0.287000","300398.SZ","sz_chi_next","801080.SI","电子",,,"40","41.69","38.15","38.46","41.59","-3.13","-0.07525847559509496","47202596","1880945746.55","0.08511661457081027","-0.22646822204344327","-0.26413469817277335","-0.37172261700563586","-0.03281780460203697","0.6559741657696447","1784185229133461745","-0.0215991824957923"
"2026-07-16 15:00:00.255","000852","2026-06-30","300409","道氏技术","0.160000","300409.SZ","sz_chi_next","801730.SI","电力设备",,,"17.21","17.7","16.99","17.26","17.37","-0.11","-0.0063327576280944155","15143581","262816061.95","0.04087507196315491","-0.07104413347685684","-0.16335433834222007","-0.12740141557128412","-0.24760244115082822","-0.34843337108342776","1784185233002917931","-0.00101324122049511"
"2026-07-16 15:00:00.255","000852","2026-06-30","300415","伊之密","0.067000","300415.SZ","sz_chi_next","801890.SI","机械设备",,,"20.96","21.26","20.5","20.59","21.22","-0.63","-0.029688972667295005","7428603","154382225.59","0.03581526861451451","0.018298714144411473","-0.08080357142857143","0.09930592632140951","-0.06024646280237335","-0.17541049259110933","1784185234132530076","-0.00198916116870877"
"2026-07-16 15:00:00.255","000852","2026-06-30","300416","苏试试验","0.074000","300416.SZ","sz_chi_next","801210.SI","社会服务",,,"15.18","15.28","14.45","14.47","15.33","-0.86","-0.056099151989562945","30365327","449703952.77","0.05414220482713634","-0.23113708820403822","-0.2728643216080402","-0.2899901864573111","-0.2564234326824255","-0.19342251950947603","1784185249112682013","-0.00415133724722766"
"2026-07-16 15:00:00.255","000852","2026-06-30","300428","立中集团","0.051000","300428.SZ","sz_chi_next","801880.SI","汽车",,,"17.25","17.56","17.1","17.36","17.37","-0.01","-0.0005757052389176741","5446102","94561179.02","0.026482440990213057","0.0","-0.1042311661506708","0.0","-0.189920671955203","-0.2369230769230769","1784185248093979938","-2.93609671848014E-05"
"2026-07-16 15:00:00.255","000852","2026-06-30","300438","鹏辉能源","0.299000","300438.SZ","sz_chi_next","801730.SI","电力设备",,,"68.64","68.64","59.6","62.11","69.01","-6.90","-0.09998550934647152","39665424","2515514213.53","0.13099550789740624","-0.07505584512285926","-0.18831677992681653","-0.1965071151358344","-0.21260141987829614","0.15661080074487896","1784185215219544367","-0.029895667294595"
"2026-07-16 15:00:00.255","000852","2026-06-30","300443","金雷股份","0.050000","300443.SZ","sz_chi_next","801730.SI","电力设备",,,"19.06","19.48","18.93","19.08","19.2","-0.12","-0.00625","3758000","72065261","0.02864583333333337","-0.011398963730569948","-0.14897413024085637","-0.11379470506270321","-0.3124324324324324","-0.3300561797752809","1784185242956306849","-0.0003125"
"2026-07-16 15:00:00.255","000852","2026-06-30","300446","航天智造","0.058000","300446.SZ","sz_chi_next","801880.SI","汽车",,,"14.25","14.39","13.97","14.24","14.25","-0.01","-0.0007017543859649123","7220267","102605127.32","0.02947368421052631","-0.088348271446863","-0.2026875699888018","-0.18254879448909297","-0.1290519877675841","-0.40839218944744493","1784185245121974519","-4.07017543859649E-05"
"2026-07-16 15:00:00.255","000852","2026-06-30","300455","航天智装","0.079000","300455.SZ","sz_chi_next","801750.SI","计算机",,,"18.68","19.09","18.35","18.44","18.88","-0.44","-0.023305084745762712","6445532","120014124.5","0.039194915254237385","-0.12399049881235154","-0.18226164079822618","-0.13670411985018727","-0.20654044750430292","-0.3920211012199143","1784185221829585602","-0.00184110169491525"
"2026-07-16 15:00:00.255","000852","2026-06-30","300456","赛微电子","0.255000","300456.SZ","sz_chi_next","801080.SI","电子",,,"33.77","35.16","32.88","33.09","34.13","-1.04","-0.030471725754468208","26272209","888571388.93","0.0668033987694111","-0.14760432766615147","-0.18537666174298376","-0.1537084398976982","-0.2880808950086059","-0.3679083094555874","1784185225772567395","-0.00777029006738939"
"2026-07-16 15:00:00.255","000852","2026-06-30","300457","赢合科技","0.084000","300457.SZ","sz_chi_next","801730.SI","电力设备",,,"18.5","18.97","18.28","18.65","18.61","0.04","0.0021493820526598604","8048070","149936898","0.03707684040838266","-0.06889665501747377","-0.1231781852374236","-0.09245742092457421","-0.34052333804809054","-0.34400281392894827","1784185205570736818","0.000180548092423428"
"2026-07-16 15:00:00.255","000852","2026-06-30","300459","汤姆猫","0.122000","300459.SZ","sz_chi_next","801760.SI","传媒",,,"3.45","3.56","3.4","3.53","3.47","0.06","0.017291066282420747","117261778","410922561.56","0.04610951008645537","0.03519061583577712","0.03519061583577712","0.06646525679758308","-0.09948979591836735","-0.3389513108614232","1784185223973825126","0.00210951008645533"
"2026-07-16 15:00:00.255","000852","2026-06-30","300468","四方精创","0.114000","300468.SZ","sz_chi_next","801750.SI","计算机",,,"19.23","19.76","19.02","19.54","19.32","0.22","0.011387163561076604","14448943","281359768.96","0.03830227743271213","-0.013131313131313131","-0.05831325301204819","-0.08989287377736377","-0.21871251499400238","-0.45797503467406386","1784185223973685645","0.00129813664596273"
"2026-07-16 15:00:00.255","000852","2026-06-30","300482","万孚生物","0.048000","300482.SZ","sz_chi_next","801150.SI","医药生物",,,"17.1","17.65","16.9","17.53","17.31","0.22","0.01270941652224148","10801162","187377184.92","0.04332755632582322","0.062424242424242424","0.017411491584445733","0.013294797687861272","0.018002322880371662","-0.11150532184490625","1784185225772512814","0.000610051993067591"
"2026-07-16 15:00:00.255","000852","2026-06-30","300492","华图山鼎","0.028000","300492.SZ","sz_chi_next","801720.SI","建筑装饰",,,"23.15","24.09","22.8","23.56","23.15","0.41","0.017710583153347732","3685252","86699638.68","0.05572354211663063","-0.008417508417508417","-0.10002728512960435","-0.021826809015421115","-0.24934000910332269","-0.5590374331550801","1784185245889504567","0.000495896328293736"
"2026-07-16 15:00:00.255","000852","2026-06-30","300493","润欣科技","0.063000","300493.SZ","sz_chi_next","801080.SI","电子",,,"12.34","13.98","12.26","13.15","12.45","0.70","0.05622489959839357","29082394","385839765.98","0.13815261044176697","-0.046410442349528645","-0.07198306280875089","-0.05327573794096472","-0.2670011148272018","-0.37440532825880113","1784185244258075614","0.0035421686746988"
"2026-07-16 15:00:00.255","000852","2026-06-30","300503","昊志机电","0.175000","300503.SZ","sz_chi_next","801890.SI","机械设备",,,"81.02","85.3","78.41","79.01","83.88","-4.87","-0.05805913209346686","20400627","1663127049.26","0.08214115402956604","-0.1275397526501767","-0.2881981981981982","0.02410887880751782","0.005088411143620405","0.30681442275884885","1784185233002849861","-0.0101603481163567"
"2026-07-16 15:00:00.255","000852","2026-06-30","300525","博思软件","0.046000","300525.SZ","sz_chi_next","801750.SI","计算机",,,"7.54","7.82","7.45","7.71","7.56","0.15","0.01984126984126984","17830077","136918217.44","0.04894179894179895","0.034899328859060406","0.010484927916120577","0.034899328859060406","-0.11784897025171624","-0.4524147727272727","1784185221829566082","0.000912698412698413"
"2026-07-16 15:00:00.255","000852","2026-06-30","300529","健帆生物","0.076000","300529.SZ","sz_chi_next","801150.SI","医药生物",,,"16.9","17.83","16.81","17.7","17.07","0.63","0.03690685413005272","12362896","215534191.93","0.05975395430579962","0.10625","0.06370192307692307","0.1768617021276596","0.0510688836104513","-0.07764460656591975","1784185231743335010","0.00280492091388401"
"2026-07-16 15:00:00.255","000852","2026-06-30","300568","星源材质","0.258000","300568.SZ","sz_chi_next","801730.SI","电力设备",,,"14.52","14.61","13.36","13.5","14.73","-1.23","-0.0835030549898167","81626233","1136156947.93","0.08486082824168363","-0.25455549420209833","-0.325","-0.18625678119349004","-0.20023696682464456","-0.12280701754385964","1784185251479163144","-0.0215437881873727"
"2026-07-16 15:00:00.255","000852","2026-06-30","300573","兴齐眼药","0.105000","300573.SZ","sz_chi_next","801150.SI","医药生物",,,"42.63","43.66","42.04","42.8","43.15","-0.35","-0.008111239860950173","11999931","516071298.86","0.0375434530706836","0.07808564231738035","0.02983638113570741","0.108234075608493","0.08464267612772428","0.2633300575600168","1784185219057497640","-0.000851680185399768"
"2026-07-16 15:00:00.255","000852","2026-06-30","300576","容大感光","0.127000","300576.SZ","sz_chi_next","801080.SI","电子",,,"33.66","33.74","31.47","31.72","33.82","-2.10","-0.06209343583678297","18680213","609050943","0.06712004730928454","-0.25974329054842477","-0.30832969908416924","-0.3799843627834246","-0.18775104226186698","-0.03060642032682545","1784185225772579895","-0.00788586635127144"
"2026-07-16 15:00:00.255","000852","2026-06-30","300579","数字认证","0.029000","300579.SZ","sz_chi_next","801750.SI","计算机",,,"20.32","21.57","20.32","21.25","20.67","0.58","0.028059990324141262","4651714","98261960.72","0.06047411707789066","0.024096385542168676","0.03962818003913894","0.025579150579150584","-0.10563973063973063","-0.35272616509290283","1784185231743299540","0.000813739719400097"
"2026-07-16 15:00:00.255","000852","2026-06-30","300580","贝斯特","0.052000","300580.SZ","sz_chi_next","801880.SI","汽车",,,"22.21","22.5","21.66","21.84","22.61","-0.77","-0.03405572755417957","17513914","385478195.79","0.0371517027863777","-0.04960835509138381","-0.15870570107858242","0.2106430155210643","-0.12429831595829992","-0.15151515151515152","1784185235281974456","-0.00177089783281734"
"2026-07-16 15:00:00.255","000852","2026-06-30","300593","新雷能","0.134000","300593.SZ","sz_chi_next","801730.SI","电力设备",,,"26.72","26.79","25","25.1","26.99","-1.89","-0.0700259355316784","17954591","463811554.26","0.06632085957762131","-0.0700259355316784","-0.04743833017077798","-0.1650033266799734","-0.335803122519185","-0.15374241402562372","1784185221829512391","-0.00938347536124491"
"2026-07-16 15:00:00.255","000852","2026-06-30","300595","欧普康视","0.058000","300595.SZ","sz_chi_next","801150.SI","医药生物",,,"11.05","11.58","11.05","11.46","11.16","0.30","0.026881720430107524","17473560","198466360.8","0.0474910394265234","0.08728652751423151","0.03429602888086643","0.10617760617760619","-0.03697478991596639","-0.2694122147137575","1784185233002962382","0.00155913978494624"
"2026-07-16 15:00:00.255","000852","2026-06-30","300598","诚迈科技","0.051000","300598.SZ","sz_chi_next","801750.SI","计算机",,,"27.7","28.9","27.57","28.37","27.9","0.47","0.016845878136200716","7147204","202888839","0.04767025089605728","0.021606049693914296","0.005671747607231478","0.012852552659764368","-0.14599638771824203","-0.394191757420457","1784185233002852771","0.000859139784946236"
"2026-07-16 15:00:00.255","000852","2026-06-30","300601","康泰生物","0.078000","300601.SZ","sz_chi_next","801150.SI","医药生物",,,"12.5","12.98","12.34","12.85","12.67","0.18","0.014206787687450671","26576874","337154997.91","0.0505130228887134","0.13116197183098594","0.08530405405405406","0.17137648131267091","0.027178257394084734","-0.15848068107400132","1784185208191480696","0.00110812943962115"
"2026-07-16 15:00:00.255","000852","2026-06-30","300602","飞荣达","0.183000","300602.SZ","sz_chi_next","801080.SI","电子",,,"40.1","43.5","38.65","41.03","40.5800","0.4500","0.011089206505667817","30809596","1283965321.07","0.11951700344997537","-0.12459995732878174","-0.11668460710441333","-0.178907344406644","-0.16401792991035047","0.23770739064856714","1784185204830276380","0.00202932479053721"
"2026-07-16 15:00:00.255","000852","2026-06-30","300607","拓斯达","0.141000","300607.SZ","sz_chi_next","801890.SI","机械设备",,,"35.94","37.16","34.73","34.97","36.63","-1.66","-0.045318045318045314","35686511","1280720605.95","0.06633906633906633","-0.09917568263781557","-0.33969033232628393","-0.11624968410411927","0.07513988808952837","0.0553476581361661","1784185242956395550","-0.00638984438984439"
"2026-07-16 15:00:00.255","000852","2026-06-30","300613","富瀚微","0.115000","300613.SZ","sz_chi_next","801080.SI","电子",,,"58.77","61.41","58","58.6","59.96","-1.36","-0.02268178785857238","11423832","679021833.36","0.05687124749833217","-0.1869016234216734","-0.1900483759502419","-0.23568540498239207","-0.07087363247185666","0.23785382340515418","1784185210339770396","-0.00260840560373582"
"2026-07-16 15:00:00.255","000852","2026-06-30","300618","寒锐钴业","0.079000","300618.SZ","sz_chi_next","801050.SI","有色金属",,,"32.65","33.35","32.28","32.96","32.96","0.00","0.0","4235366","139439962.02","0.032463592233009715","-0.006331022007838407","-0.08874758086812275","-0.0523289246693502","-0.1566018423746162","-0.27128012381162947","1784185244258034513","0"
"2026-07-16 15:00:00.255","000852","2026-06-30","300624","万兴科技","0.082000","300624.SZ","sz_chi_next","801750.SI","计算机",,,"48.41","51.33","47.6","50.01","48.89","1.12","0.022908570259766826","10249148","510733758.36","0.07629372059725924","-0.018642072213500782","-0.011855364552459988","-0.019603999215840034","-0.17787276015124118","-0.3230914997292908","1784185245122743995","0.00187850276130088"
"2026-07-16 15:00:00.255","000852","2026-06-30","300633","开立医疗","0.040000","300633.SZ","sz_chi_next","801150.SI","医药生物",,,"19.16","19.9","19.05","19.77","19.22","0.55","0.028616024973985434","7784161","152375440.61","0.04422476586888646","0.07855973813420622","0.01125319693094629","0.1001669449081803","-0.0398251578436134","-0.27422907488986786","1784185244258093264","0.00114464099895942"
"2026-07-16 15:00:00.255","000852","2026-06-30","300634","彩讯股份","0.054000","300634.SZ","sz_chi_next","801750.SI","计算机",,,"18.51","19.44","18.34","18.93","18.69","0.24","0.012841091492776884","10268849","194535027.42","0.05885500267522727","-0.021705426356589144","-0.04297269969666329","-0.0366412213740458","-0.25996872556684913","-0.2674148606811146","1784185251479150944","0.000693418940609952"
"2026-07-16 15:00:00.255","000852","2026-06-30","300638","广和通","0.087000","300638.SZ","sz_chi_next","801770.SI","通信",,,"18.52","21.82","18.3","20.68","18.18","2.50","0.13751375137513752","56700288","1153603819.49","0.1936193619361936","0.16836158192090397","0.11783783783783784","0.08842105263157894","-0.0748031496062992","-0.3109422897507664","1784185233440892081","0.011963696369637"
"2026-07-16 15:00:00.255","000852","2026-06-30","300641","正丹股份","0.041000","300641.SZ","sz_chi_next","801030.SI","基础化工",,,"14.06","14.72","13.88","14.39","14.01","0.38","0.027123483226266953","9164658","131970409.05","0.05995717344753746","-0.002772002772002772","-0.11172839506172841","-0.100625","0.0034867503486750353","-0.15502055196711684","1784185204830311721","0.00111206281227695"
"2026-07-16 15:00:00.255","000852","2026-06-30","300655","晶瑞电材","0.248000","300655.SZ","sz_chi_next","801080.SI","电子",,,"15.1","15.26","14","14.09","15.38","-1.29","-0.08387516254876463","74158952","1083814384.3","0.08192457737321195","-0.2568565400843882","-0.2649973917579551","-0.23961144090663788","-0.08913548576245098","-0.06613714071012587","1784185248093995498","-0.0208010403120936"
"2026-07-16 15:00:00.255","000852","2026-06-30","300657","弘信电子","0.174000","300657.SZ","sz_chi_next","801080.SI","电子",,,"34.1","36.26","33.8","34.91","34.83","0.08","0.0022968705139247776","23936065","843509028.43","0.07062876830318694","-0.09183142559833507","-0.10233993314476729","-0.18927078495123084","-0.2015096065873742","0.19268875982234368","1784185235281912065","0.000399655469422911"
"2026-07-16 15:00:00.255","000852","2026-06-30","300660","江苏雷利","0.066000","300660.SZ","sz_chi_next","801730.SI","电力设备",,,"26.9","28.02","26.82","27.34","27.46","-0.12","-0.004369992716678805","7477786","205852057.65","0.04369992716678803","-0.043386983904828556","-0.178732352057675","0.05234795996920708","0.02905567928730512","-0.1410187767242982","1784185205570791588","-0.000288419519300801"
"2026-07-16 15:00:00.255","000852","2026-06-30","300672","国科微","0.460000","300672.SZ","sz_chi_next","801080.SI","电子",,,"201.63","203","181.31","182.3","205.32","-23.02","-0.11211766997857003","15454462","2947730543.61","0.10563997662185853","-0.2862176977290524","-0.31103552532123957","-0.3758986648408079","-0.47691601388769334","0.6929791976225854","1784185219057619371","-0.0515741281901422"
"2026-07-16 15:00:00.255","000852","2026-06-30","300674","宇信科技","0.087000","300674.SZ","sz_chi_next","801750.SI","计算机",,,"14.64","15.2","14.57","14.91","14.69","0.22","0.014976174268209666","11216123","167546517.97","0.04288631722260046","0.02263374485596708","-0.03244646333549643","-0.013236267372600927","-0.13010501750291714","-0.36200256739409503","1784185204830318210","0.00130292716133424"
"2026-07-16 15:00:00.255","000852","2026-06-30","300678","中科信息","0.048000","300678.SZ","sz_chi_next","801750.SI","计算机",,,"21.46","22.18","21.25","21.89","21.46","0.43","0.02003727865796831","5592871","122156657.21","0.04333643988816401","0.00045703839122486294","-0.037802197802197804","0.007826887661141806","-0.130659253375695","-0.3899108138238573","1784185235281901895","0.000961789375582479"
"2026-07-16 15:00:00.255","000852","2026-06-30","300680","隆盛科技","0.048000","300680.SZ","sz_chi_next","801880.SI","汽车",,,"22.39","23.62","22.21","22.68","22.71","-0.03","-0.0013210039630118888","10165030","232195165.3","0.06208718626155879","-0.027861123017573944","-0.14253308128544423","0.03325740318906606","-0.021465407199387287","-0.30030668127053667","1784185205570786778","-6.34081902245707E-05"
"2026-07-16 15:00:00.255","000852","2026-06-30","300682","朗新科技","0.077000","300682.SZ","sz_chi_next","801750.SI","计算机",,,"9.62","9.98","9.52","9.79","9.68","0.11","0.011363636363636364","14674012","143757376.7","0.047520661157024885","-0.009109311740890687","-0.0268389662027833","-0.01706827309236948","-0.24284609435421503","-0.3617992177314211","1784185245889499307","0.000875"
"2026-07-16 15:00:00.255","000852","2026-06-30","300684","中石科技","0.112000","300684.SZ","sz_chi_next","801080.SI","电子",,,"67.25","72.5","65.01","66.82","67.79","-0.97","-0.014308895117273932","25973221","1794628745.25","0.11048827260657927","-0.022527794031597426","0.07756813417190775","0.16390872670266504","0.07134840468173802","0.38659472919692883","1784185223973657154","-0.00160259625313468"
"2026-07-16 15:00:00.255","000852","2026-06-30","300685","艾德生物","0.054000","300685.SZ","sz_chi_next","801150.SI","医药生物",,,"18.31","18.88","18.21","18.75","18.57","0.18","0.009693053311793215","10931600","203665939.43","0.03607969843834131","0.10619469026548674","0.041666666666666664","0.15883807169344868","-0.011075949367088606","-0.06623505976095619","1784185215219545936","0.000523424878836834"
"2026-07-16 15:00:00.255","000852","2026-06-30","300687","赛意信息","0.104000","300687.SZ","sz_chi_next","801750.SI","计算机",,,"25.93","26.38","25","25.33","26.75","-1.42","-0.05308411214953271","28848086","736866339.42","0.05158878504672893","-0.16153591525984773","-0.11247372109320253","-0.06496862310815799","-0.08390596745027125","0.05938937682977833","1784185245889483067","-0.0055207476635514"
"2026-07-16 15:00:00.255","000852","2026-06-30","300693","盛弘股份","0.156000","300693.SZ","sz_chi_next","801730.SI","电力设备",,,"36.07","36.78","35.11","35.3","36.5","-1.2","-0.03287671232876712","9838008","352469897.16","0.04575342465753429","-0.12428677747457205","-0.22332233223322331","-0.1916647584153881","-0.3464173301240511","-0.07080810739668333","1784185233440894381","-0.00512876712328767"
"2026-07-16 15:00:00.255","000852","2026-06-30","300702","天宇股份","0.036000","300702.SZ","sz_chi_next","801150.SI","医药生物",,,"21.8","22.12","21.35","21.83","21.9","-0.07","-0.003196347031963471","4552995","99354940.82","0.03515981735159815","0.07749259624876603","-0.005013673655423883","0.07855731225296443","0.14593175853018373","-0.11187957689178195","1784185248093997768","-0.000115068493150685"
"2026-07-16 15:00:00.255","000852","2026-06-30","300723","一品红","0.069000","300723.SZ","sz_chi_next","801150.SI","医药生物",,,"40","42.97","38.76","41.85","40.92","0.93","0.022727272727272728","23962701","979392636.95","0.10288367546432065","0.10597251585623677","0.013562605957859047","0.28729621654875426","0.03002707359094265","0.16768973214285712","1784185245122689965","0.00156818181818182"
"2026-07-16 15:00:00.255","000852","2026-06-30","300725","药石科技","0.088000","300725.SZ","sz_chi_next","801150.SI","医药生物",,,"41","42.6","39.33","41.81","41","0.81","0.01975609756097561","29708900","1222778446.59","0.07975609756097568","0.15179063360881542","0.12001071524243238","0.2476872575350642","0.17180493273542602","0.058481012658227846","1784185233002912551","0.00173853658536585"
"2026-07-16 15:00:00.255","000852","2026-06-30","300726","宏达电子","0.143000","300726.SZ","sz_chi_next","801740.SI","国防军工",,,"58.1","58.69","54.11","54.67","58.65","-3.98","-0.06786018755328219","12979797","731379425.74","0.07809036658141513","-0.21989155251141554","-0.297932451521767","-0.39052396878483836","-0.12176706827309237","0.10668016194331983","1784185234132482435","-0.00970400682011935"
"2026-07-16 15:00:00.255","000852","2026-06-30","300738","奥飞数据","0.163000","300738.SZ","sz_chi_next","801770.SI","通信",,,"19.38","20.59","19.22","19.9","19.71","0.19","0.009639776763064434","47412669","948223072.6","0.06950786402841203","-0.02450980392156863","-0.022593320235756387","0.02884913659394065","-0.13748266296809988","0.042867623938790476","1784185208191516876","0.0015712836123795"
"2026-07-16 15:00:00.255","000852","2026-06-30","300747","锐科激光","0.183000","300747.SZ","sz_chi_next","801890.SI","机械设备",,,"34.8","36.19","33.85","34.06","35.6","-1.54","-0.04325842696629213","20343335","707271943.04","0.06573033707865159","-0.1806591291796969","-0.24911816578483248","-0.37366678926075764","-0.15366265778749627","0.13186228898045993","1784185251479161814","-0.00791629213483146"
"2026-07-16 15:00:00.255","000852","2026-06-30","300761","立华股份","0.071000","300761.SZ","sz_chi_next","801010.SI","农林牧渔",,,"19.39","20.18","19.29","19.98","19.48","0.50","0.02566735112936345","14275963","283211008.87","0.045687885010266965","0.0888283378746594","0.1143335192414947","0.2310536044362292","0.008072653884964682","-0.03571428571428572","1784185249638900358","0.0018223819301848"
"2026-07-16 15:00:00.255","000852","2026-06-30","300762","上海瀚讯","0.294000","300762.SZ","sz_chi_next","801740.SI","国防军工",,,"35.05","36.44","33.89","34.15","35.82","-1.67","-0.04662199888330541","26199520","916350208.32","0.07118927973199322","-0.20060861423220974","-0.2640086206896552","-0.24530386740331492","-0.06566347469220246","-0.2076566125290023","1784185242956415580","-0.0137068676716918"
"2026-07-16 15:00:00.255","000852","2026-06-30","300768","迪普科技","0.036000","300768.SZ","sz_chi_next","801750.SI","计算机",,,"15.3","15.72","15.3","15.52","15.51","0.01","0.0006447453255963894","8275250","128468116.74","0.02707930367504835","-0.06954436450839328","0.055782312925170066","0.16167664670658685","-0.07287933094384708","-0.17970401691331922","1784185215219555356","2.321083172147E-05"
"2026-07-16 15:00:00.255","000852","2026-06-30","300770","新媒股份","0.044000","300770.SZ","sz_chi_next","801760.SI","传媒",,,"33.3","34.35","33.2","34.28","33.4","0.88","0.02634730538922156","3088700","104863669.7","0.03443113772455107","0.08104698833175654","0.05282555282555282","0.07595731324544884","-0.00319860424542018","-0.17931529806080918","1784185225772554394","0.00115928143712575"
"2026-07-16 15:00:00.255","000852","2026-06-30","300772","运达股份","0.060000","300772.SZ","sz_chi_next","801730.SI","电力设备",,,"10.67","11.03","10.59","10.82","10.78","0.04","0.003710575139146568","12279992","132933639.04","0.04081632653061219","-0.02081447963800905","-0.1079967023907667","-0.07442258340461934","-0.31562302340290954","-0.4518743667679838","1784185246736736706","0.000222634508348794"
"2026-07-16 15:00:00.255","000852","2026-06-30","300773","拉卡拉","0.119000","300773.SZ","sz_chi_next","801790.SI","非银金融",,,"14.57","15","14.34","14.78","14.75","0.03","0.002033898305084746","33224546","488840224.96","0.044745762711864416","-0.008718980549966466","-0.052564102564102565","-0.036505867014341595","0.18384961176951367","0.14230283911671926","1784185219057548391","0.000242033898305085"
"2026-07-16 15:00:00.255","000852","2026-06-30","300775","三角防务","0.087000","300775.SZ","sz_chi_next","801740.SI","国防军工",,,"19.73","20.36","19.58","19.91","19.9","0.01","0.0005025125628140704","12942845","258973067.34","0.03919597989949754","-0.043248438250840945","-0.14181034482758623","-0.07222739981360671","-0.21982758620689657","-0.34699901607084294","1784185234132497215","4.37185929648241E-05"
"2026-07-16 15:00:00.255","000852","2026-06-30","300776","帝尔激光","0.314000","300776.SZ","sz_chi_next","801730.SI","电力设备",,,"139.11","142.18","132","133.51","141.1","-7.59","-0.05379163713678242","8677312","1184469019.52","0.07214741318214038","-0.21713381024979478","-0.26883899233296826","-0.313573264781491","-0.19241471086377934","1.1178616751269035","1784185221829549821","-0.0168905740609497"
"2026-07-16 15:00:00.255","000852","2026-06-30","300777","中简科技","0.095000","300777.SZ","sz_chi_next","801740.SI","国防军工",,,"24.78","25.33","24.31","24.4","24.82","-0.42","-0.0169218372280419","10037960","247365433.94","0.04109589041095889","-0.10589959692194945","-0.1933884297520661","-0.05426356589147286","-0.32510925485423464","-0.40667250267483707","1784185241731598915","-0.00160757453666398"
"2026-07-16 15:00:00.255","000852","2026-06-30","300779","惠城环保","0.107000","300779.SZ","sz_chi_next","801970.SI","环保",,,"55.8","55.85","51","54.55","53.9","0.65","0.012059369202226345","9773066","522072929.51","0.08998144712430416","-0.034513274336283185","-0.07963556605365277","0.005529953917050691","0.24121198049686554","-0.19851574212893555","1784185217249839260","0.00129035250463822"
"2026-07-16 15:00:00.255","000852","2026-06-30","300783","三只松鼠","0.039000","300783.SZ","sz_chi_next","801120.SI","食品饮料",,,"17.08","17.39","16.91","17.26","17.16","0.10","0.005827505827505828","8351900","143543726","0.027972027972027996","0.08553459119496856","0.04542701393095094","0.1057014734144779","-0.008957280661460726","-0.24779918068508672","1784185231743352781","0.000227272727272727"
"2026-07-16 15:00:00.255","000852","2026-06-30","300806","斯迪克","0.365000","300806.SZ","sz_chi_next","801030.SI","基础化工",,,"75.87","78.83","71.7","72.72","76.86","-4.14","-0.053864168618266976","22159308","1667803876.22","0.09276606817590419","-0.192","-0.23380044252449692","-0.3708254023187403","-0.09877308216631553","1.4175531914893618","1784185210339725975","-0.0196604215456674"
"2026-07-16 15:00:00.255","000852","2026-06-30","300809","华辰装备","0.035000","300809.SZ","sz_chi_next","801890.SI","机械设备",,,"23.99","24.66","23.54","24.28","24.26","0.02","0.0008244023083264633","3047510","73947839.44","0.04616652926628198","-0.05745341614906832","-0.19576018549188473","-0.08756106726794438","-0.3919358878036564","-0.34941050375133975","1784185242956403610","2.88540807914262E-05"
"2026-07-16 15:00:00.255","000852","2026-06-30","300811","铂科新材","0.237000","300811.SZ","sz_chi_next","801050.SI","有色金属",,,"78.01","78.99","72.6","73.5","79.45","-5.95","-0.07488986784140969","14019123","1059244153.46","0.08042794210195092","-0.18694690265486724","-0.15903890160183065","-0.22574528600021065","-0.17619367854741091","0.936290322580645","1784185249112665433","-0.0177488986784141"
"2026-07-16 15:00:00.255","000852","2026-06-30","300814","中富电路","0.161000","300814.SZ","sz_chi_next","801080.SI","电子",,,"155","158.56","144.97","146.91","155.85","-8.94","-0.05736284889316651","4982104","754923031.69","0.08719923002887395","-0.1718714768883878","-0.1537442396313364","-0.25933955129821024","-0.03221343873517786","0.9178851174934727","1784185215219550687","-0.00923541867179981"
"2026-07-16 15:00:00.255","000852","2026-06-30","300820","英杰电气","0.082000","300820.SZ","sz_chi_next","801730.SI","电力设备",,,"62.5","63.69","59.14","59.59","63.6","-4.01","-0.0630503144654088","5928560","359906788.4","0.07154088050314461","-0.180893470790378","-0.17350901525658807","-0.28574853170322423","-0.1243203526818516","0.23656360240713842","1784185248093915578","-0.00517012578616352"
"2026-07-16 15:00:00.255","000852","2026-06-30","300821","东岳硅材","0.127000","300821.SZ","sz_chi_next","801030.SI","基础化工",,,"18.99","19.45","18.11","18.25","19.51","-1.26","-0.0645822655048693","116158811","2177065587.1","0.06868272680676575","-0.3982855258819651","-0.0641025641025641","-0.09429280397022333","0.04345340194396798","0.5195670274771025","1784185217249800460","-0.0082019477191184"
"2026-07-16 15:00:00.255","000852","2026-06-30","300827","上能电气","0.105000","300827.SZ","sz_chi_next","801730.SI","电力设备",,,"24.12","24.59","23.81","24.13","24.26","-0.13","-0.0053586150041220115","8312494","201559565.35","0.032151690024732116","-0.030923694779116467","-0.1062962962962963","-0.16011138183083884","-0.3218100056211355","-0.30380842469705716","1784185231743319110","-0.000562654575432811"
"2026-07-16 15:00:00.255","000852","2026-06-30","300841","康华生物","0.044000","300841.SZ","sz_chi_next","801150.SI","医药生物",,,"47.64","49.33","47.15","48.94","48.31","0.63","0.013040778306768785","3018930","146774134.42","0.045125232871041185","0.08755555555555555","0.015142086704003318","0.11862857142857144","0.048190190618976225","-0.32197284566361867","1784185228161486437","0.000573794245497826"
"2026-07-16 15:00:00.255","000852","2026-06-30","300850","新强联","0.080000","300850.SZ","sz_chi_next","801730.SI","电力设备",,,"22.91","23.53","22.71","23","23.1","-0.1","-0.004329004329004329","6962600","160828305.2","0.03549783549783551","-0.05115511551155116","-0.17027417027417027","-0.11843618244538137","-0.2848258706467662","-0.4632438739789965","1784185241731587805","-0.000346320346320346"
"2026-07-16 15:00:00.255","000852","2026-06-30","300855","图南股份","0.076000","300855.SZ","sz_chi_next","801050.SI","有色金属",,,"29.27","29.78","28.72","28.89","29.48","-0.59","-0.020013568521031207","4537362","131987741.12","0.03595658073270009","-0.11597307221542227","-0.16502890173410403","-0.03571428571428571","-0.2503892060197198","-0.09690528290090654","1784185215219541187","-0.00152103120759837"
"2026-07-16 15:00:00.255","000852","2026-06-30","300861","美畅股份","0.069000","300861.SZ","sz_chi_next","801890.SI","机械设备",,,"18.47","18.51","17.42","17.52","18.63","-1.11","-0.059581320450885676","23773475","426375802.54","0.05850778314546429","-0.15728715728715728","-0.22649006622516557","-0.2848979591836735","-0.19669876203576342","0.18138907619689817","1784185208191492426","-0.00411111111111111"
"2026-07-16 15:00:00.255","000852","2026-06-30","300870","欧陆通","0.271000","300870.SZ","sz_chi_next","801730.SI","电力设备",,,"245","249.01","232.2","236","249.2","-13.2","-0.052969502407704656","4076906","979193001.18","0.06745585874799358","-0.1917808219178082","-0.20243325447786414","-0.2718296821968528","-0.2090887764335266","1.0167563080314477","1784185208191482196","-0.014354735152488"
"2026-07-16 15:00:00.255","000852","2026-06-30","300872","天阳科技","0.063000","300872.SZ","sz_chi_next","801750.SI","计算机",,,"14.76","15.34","14.65","15","14.99","0.01","0.0006671114076050701","9407086","141627867.16","0.04603068712474992","-0.027237354085603113","-0.10926365795724466","-0.10661107802263253","-0.2829827915869981","-0.2603550295857988","1784185215219546227","4.20280186791194E-05"
"2026-07-16 15:00:00.255","000852","2026-06-30","300910","瑞丰新材","0.055000","300910.SZ","sz_chi_next","801030.SI","基础化工",,,"27.36","28.08","27.06","27.62","27.86","-0.24","-0.008614501076812634","3897000","107240665.4","0.036611629576453676","-0.011099176512710347","-0.06689189189189189","0.002540834845735027","0.1061090047393365","-0.14399779937649002","1784185228161542588","-0.000473797559224695"
"2026-07-16 15:00:00.255","000852","2026-06-30","300913","兆龙互连","0.051000","300913.SZ","sz_chi_next","801770.SI","通信",,,"36.1","37.25","35.54","35.99","36.63","-0.64","-0.01747201747201747","5639724","205355348.28","0.0466830466830467","-0.08141909137314957","-0.13256206314774643","-0.2908374384236453","-0.3023841829811979","-0.3203021718602455","1784185248093898007","-0.000891072891072891"
"2026-07-16 15:00:00.255","000852","2026-06-30","300925","法本信息","0.052000","300925.SZ","sz_chi_next","801750.SI","计算机",,,"14.28","14.66","14.06","14.38","14.32","0.06","0.004189944134078212","8350709","120225516.22","0.041899441340782224","0.02861230329041488","-0.023761031907671416","-0.018430034129692834","-0.13216656608328303","-0.33333333333333337","1784185249638884088","0.000217877094972067"
"2026-07-16 15:00:00.255","000852","2026-06-30","300926","博俊科技","0.032000","300926.SZ","sz_chi_next","801880.SI","汽车",,,"17.09","17.56","16.91","17.26","17.12","0.14","0.008177570093457945","3014844","52100101.29","0.03796728971962608","0.01410105757931845","-0.1207335710646969","-0.021541950113378686","-0.14129353233830844","-0.4674483184202407","1784185235281934955","0.000261682242990654"
"2026-07-16 15:00:00.255","000852","2026-06-30","300969","恒帅股份","0.063000","300969.SZ","sz_chi_next","801880.SI","汽车",,,"93.34","96","90.89","92.88","93.97","-1.09","-0.0115994466319038","2550723","239075692.33","0.05437905714589762","-0.028756666318101014","-0.20615384615384616","-0.006737247353224254","-0.16211096075778078","0.5025156817431495","1784185215219530806","-0.000730765137809939"
"2026-07-16 15:00:00.255","000852","2026-06-30","300990","同飞股份","0.055000","300990.SZ","sz_chi_next","801890.SI","机械设备",,,"111.89","115.9","106.99","109.8","113.82","-4.02","-0.035318924617817604","7876237","876476539.64","0.07828149710068526","0.039575837909486836","0.0969030969030969","0.06695170537362743","0.23107971745711403","0.22695273214884346","1784185221829539751","-0.00194254085397997"
"2026-07-16 15:00:00.255","000852","2026-06-30","301000","肇民科技","0.032000","301000.SZ","sz_chi_next","801880.SI","汽车",,,"25.73","27.5","25.65","26.85","26.22","0.63","0.024027459954233412","4693134","126176782.01","0.07055682684973308","-0.04787234042553192","-0.24430059104981705","-0.13050518134715028","-0.17410027683789606","-0.3104776579352851","1784185205570853059","0.000768878718535469"
"2026-07-16 15:00:00.255","000852","2026-06-30","301005","超捷股份","0.129000","301005.SZ","sz_chi_next","801880.SI","汽车",,,"79.38","81.93","76.67","77.31","81.12","-3.81","-0.04696745562130177","8195844","645696111.18","0.06484220907297819","-0.2486880466472303","-0.3483648010788941","-0.29833000544563437","-0.018285714285714284","0.005091536216503051","1784185223973836386","-0.00605880177514793"
"2026-07-16 15:00:00.255","000852","2026-06-30","301015","百洋医药","0.031000","301015.SZ","sz_chi_next","801150.SI","医药生物",,,"23.6","24.13","23.03","23.73","23.94","-0.21","-0.008771929824561403","12969217","306724372.9","0.045948203842940745","0.07472826086956522","0.16039119804400978","0.2398119122257053","0.09922178988326848","-0.014862172035868482","1784185208191485806","-0.000271929824561403"
"2026-07-16 15:00:00.255","000852","2026-06-30","301018","申菱环境","0.222000","301018.SZ","sz_chi_next","801890.SI","机械设备",,,"101.11","109.44","98.01","102.91","105.98","-3.07","-0.028967729760332135","12783243","1328620179","0.10785053783732786","-0.1670578713071631","-0.12625233486160636","-0.047923027107040425","0.30764084278768233","2.0841529051987764","1784185233002893771","-0.00643083600679373"
"2026-07-16 15:00:00.255","000852","2026-06-30","301029","怡合达","0.105000","301029.SZ","sz_chi_next","801890.SI","机械设备",,,"26.88","27.5","26.6","26.78","27.47","-0.69","-0.025118310884601383","13261344","357265241.09","0.03276301419730623","-0.10434782608695653","-0.1506501744370441","0.01709077098366882","-0.06389821029082775","0.03087227654168912","1784185221829532821","-0.00263742264288315"
"2026-07-16 15:00:00.255","000852","2026-06-30","301031","中熔电气","0.125000","301031.SZ","sz_chi_next","801080.SI","电子",,,"90","91.24","80.8","81.6","95.1","-13.5","-0.14195583596214512","10073284","852588399.4","0.10977917981072552","-0.2552026286966046","-0.26406926406926406","-0.2742150671528951","-0.00632309283164882","0.5915429548368714","1784185249638875168","-0.0177444794952681"
"2026-07-16 15:00:00.255","000852","2026-06-30","301035","润丰股份","0.069000","301035.SZ","sz_chi_next","801030.SI","基础化工",,,"49.06","49.85","48.02","49.49","49.56","-0.07","-0.0014124293785310734","1188890","58320301.4","0.03692493946731231","0.076103500761035","0.04079915878023134","0.08483121437965806","0.2524423480083857","0.2541325536062378","1784185233440990851","-9.74576271186441E-05"
"2026-07-16 15:00:00.255","000852","2026-06-30","301039","中集车辆","0.053000","301039.SZ","sz_chi_next","801880.SI","汽车",,,"7.16","7.25","7.09","7.22","7.24","-0.02","-0.0027624309392265192","12767459","91575437.98","0.022099447513812175","0.05555555555555556","0.012622720897615708","0.11937984496124031","-0.05867014341590613","-0.1923937360178971","1784185249112641493","-0.000146408839779006"
"2026-07-16 15:00:00.255","000852","2026-06-30","301047","义翘神州","0.032000","301047.SZ","sz_chi_next","801150.SI","医药生物",,,"72.5","76.68","71.38","75.22","73.06","2.16","0.02956474130851355","4698177","349929649.12","0.07254311524774154","0.09426825720104744","0.07935141340220979","0.2404353562005277","0.1918871811123435","0.11618934560023743","1784185245889494527","0.000946071721872434"
"2026-07-16 15:00:00.255","000852","2026-06-30","301050","雷电微力","0.059000","301050.SZ","sz_chi_next","801740.SI","国防军工",,,"30.5","31.25","30.1","30.81","30.74","0.07","0.0022771633051398834","3086946","95033520.78","0.03741054001301243","-0.0598108025633201","-0.11389128559102674","-0.062100456621004566","-0.23187003869320674","-0.4378804022594252","1784185231743330810","0.000134352635003253"
"2026-07-16 15:00:00.255","000852","2026-06-30","301061","匠心家居","0.031000","301061.SZ","sz_chi_next","801140.SI","轻工制造",,,"33.94","36.36","33.61","35.37","33.81","1.56","0.04614019520851819","4163651","147083366.46","0.0813368825791186","0.08165137614678898","0.008266818700114024","0.04675939627108612","-0.16776470588235293","-0.6353984125347902","1784185217249878390","0.00143034605146406"
"2026-07-16 15:00:00.255","000852","2026-06-30","301071","力量钻石","0.148000","301071.SZ","sz_chi_next","801030.SI","基础化工",,,"70.5","72.59","66.71","67.23","72.05","-4.82","-0.06689798750867454","12697017","880863602.2","0.08160999306037488","-0.16999999999999998","-0.2006895731779812","-0.31116803278688526","-0.1890229191797346","0.8789826718837339","1784185204830268910","-0.00990090215128383"
"2026-07-16 15:00:00.255","000852","2026-06-30","301078","孩子王","0.061000","301078.SZ","sz_chi_next","801200.SI","商贸零售",,,"6.85","7.3","6.85","7.16","6.87","0.29","0.042212518195050945","50349529","359188508.83","0.06550218340611356","0.09647779479326186","0.0361794500723589","0.0638930163447251","-0.22004357298474947","-0.32516493873704055","1784185249112695773","0.00257496360989811"
"2026-07-16 15:00:00.255","000852","2026-06-30","301087","可孚医疗","0.051000","301087.SZ","sz_chi_next","801150.SI","医药生物",,,"49.51","50.8","48.88","50.14","50","0.14","0.0028000000000000004","2642600","131862197.82","0.03840000000000003","0.036378668871434476","-0.021276595744680854","0.15370455591348364","0.06862745098039216","0.06161338132542876","1784185228161605668","0.0001428"
"2026-07-16 15:00:00.255","000852","2026-06-30","301091","深城交","0.034000","301091.SZ","sz_chi_next","801720.SI","建筑装饰",,,"15.1","15.6","15.03","15.46","15.17","0.29","0.01911667765326302","5741459","88421865.07","0.037574159525379056","-0.0012919896640826874","-0.05269607843137255","-0.008338678640153946","-0.18313431258586074","-0.4309062799087094","1784185208191513266","0.000649967040210943"
"2026-07-16 15:00:00.255","000852","2026-06-30","301095","广立微","0.146000","301095.SZ","sz_chi_next","801750.SI","计算机",,,"89.67","93.96","87.1","87.57","92.84","-5.27","-0.056764325721671685","8213753","742391618.47","0.07389056441189142","-0.2389849656730686","-0.18448500651890481","-0.1799793988201142","-0.14247943595769683","0.18050687516850902","1784185248093901588","-0.00828759155536407"
"2026-07-16 15:00:00.255","000852","2026-06-30","301101","明月镜片","0.023000","301101.SZ","sz_chi_next","801140.SI","轻工制造",,,"29.09","30.85","29","30.14","29.28","0.86","0.02937158469945355","5491425","165439296.85","0.06318306010928955","0.049077619213365814","0.04074585635359116","0.129261895841139","-0.10696296296296295","-0.2684466019417476","1784185245122049930","0.000675546448087432"
"2026-07-16 15:00:00.255","000852","2026-06-30","301109","军信股份","0.030000","301109.SZ","sz_chi_next","801970.SI","环保",,,"13.92","14.14","13.68","13.8","13.99","-0.19","-0.013581129378127233","5346238","73940227.56","0.032880629020729024","0.05263157894736842","0.05263157894736842","0.08575924468922108","-0.03765690376569038","-0.016673792218896966","1784185229133548886","-0.000407433881343817"
"2026-07-16 15:00:00.255","000852","2026-06-30","301127","武汉天源","0.086000","301127.SZ","sz_chi_next","801970.SI","环保",,,"17.68","18.25","17.28","17.6","17.73","-0.13","-0.007332205301748449","23803688","420784565.5","0.05470953186689241","-0.038881607688947134","-0.1257699185376515","-0.06093266460356418","0.202843083652269","0.14270873912478899","1784185234132458955","-0.000630569655950366"
"2026-07-16 15:00:00.255","000852","2026-06-30","301153","中科江南","0.024000","301153.SZ","sz_chi_next","801750.SI","计算机",,,"15.95","17.52","15.95","17.24","16.1","1.14","0.07080745341614905","9227053","156502576.64","0.09751552795031057","0.06485484867201977","0.052503052503052504","0.07414330218068535","-0.09167544783983139","-0.33775343223496695","1784185248093960628","0.00169937888198758"
"2026-07-16 15:00:00.255","000852","2026-06-30","301155","海力风电","0.038000","301155.SZ","sz_chi_next","801730.SI","电力设备",,,"38.23","40.18","38.08","39.32","38.71","0.61","0.015758202014983208","3258499","127843993.67","0.05424954792043403","-0.017","-0.12016110986797943","-0.0981651376146789","-0.4043326768671413","-0.5120982752202506","1784185245122809556","0.000598811676569362"
"2026-07-16 15:00:00.255","000852","2026-06-30","301171","易点天下","0.151000","301171.SZ","sz_chi_next","801760.SI","传媒",,,"29.18","30.17","28.16","29.45","28.72","0.73","0.02541782729805014","39995255","1174164184.68","0.06998607242339826","-0.01537947174857907","-0.0796875","-0.10322777101096224","-0.24137042761463162","0.15478137797422245","1784185237447631993","0.00383809192200557"
"2026-07-16 15:00:00.255","000852","2026-06-30","301175","中科环保","0.037000","301175.SZ","sz_chi_next","801970.SI","环保",,,"5.15","5.26","5.08","5.13","5.16","-0.03","-0.005813953488372093","17075587","87733461.57","0.0348837209302325","0.04693877551020408","0.011834319526627219","0.04480651731160896","-0.11091854419410746","-0.117039586919105","1784185223973811796","-0.000215116279069767"
"2026-07-16 15:00:00.255","000852","2026-06-30","301177","迪阿股份","0.011000","301177.SZ","sz_chi_next","801130.SI","纺织服饰",,,"21.44","22.56","21.44","22.25","21.44","0.81","0.037779850746268655","2156613","47779498.74","0.0522388059701493","-0.0031362007168458782","-0.1722470238095238","-0.15559772296015179","-0.11460405889375248","-0.22338568935427577","1784185244258069614","0.000415578358208955"
"2026-07-16 15:00:00.255","000852","2026-06-30","301196","唯科科技","0.085000","301196.SZ","sz_chi_next","801030.SI","基础化工",,,"101.82","103.49","95.88","96.69","103.37","-6.68","-0.06462223082132146","4606591","455603560.14","0.07361903840572699","-0.08532778355879292","-0.16768528880089525","-0.247138519037608","0.23895746455379482","1.104392788151964","1784185241731555555","-0.00549288961981232"
"2026-07-16 15:00:00.255","000852","2026-06-30","301205","联特科技","0.223000","301205.SZ","sz_chi_next","801770.SI","通信",,,"249.7","251.61","232.01","235","250.79","-15.79","-0.06296104310379201","5414234","1301653352.4","0.0781530364049603","-0.13602941176470587","-0.21138293231316488","-0.2559994934464636","-0.19630642954856362","0.3912734592386478","1784185205570826118","-0.0140403126121456"
"2026-07-16 15:00:00.255","000852","2026-06-30","301207","华兰疫苗","0.030000","301207.SZ","sz_chi_next","801150.SI","医药生物",,,"17.6","18.2","17.3","18.08","17.82","0.26","0.014590347923681257","9139497","162962551.16","0.05050505050505043","0.10109622411693056","0.05792861322410767","0.13997477931904162","0.11604938271604938","0.011185682326621925","1784185235281964756","0.000437710437710438"
"2026-07-16 15:00:00.255","000852","2026-06-30","301215","中汽股份","0.021000","301215.SZ","sz_chi_next","801880.SI","汽车",,,"5.17","5.24","5.12","5.18","5.19","-0.01","-0.0019267822736030828","8632936","44815453.28","0.02312138728323684","0.01768172888015717","-0.03717472118959108","-0.015209125475285173","-0.11874787342633548","-0.23122588305135053","1784185219057545711","-4.04624277456647E-05"
"2026-07-16 15:00:00.255","000852","2026-06-30","301216","万凯新材","0.082000","301216.SZ","sz_chi_next","801030.SI","基础化工",,,"18.16","18.16","17.64","17.7","18.3","-0.6","-0.032786885245901634","10524289","187753644.75","0.02841530054644806","-0.09277293695540748","-0.2297650130548303","-0.22909407665505224","-0.2987321711568938","0.014326647564469915","1784185249638870708","-0.00268852459016393"
"2026-07-16 15:00:00.255","000852","2026-06-30","301217","铜冠铜箔","0.421000","301217.SZ","sz_chi_next","801730.SI","电力设备",,,"125.11","133.6","120.3","127.21","127.4","-0.19","-0.0014913657770800628","32974601","4246106014.96","0.10439560439560437","-0.08927548682703322","-0.17732652137360153","-0.25302407516147973","0.06827342962714142","2.595534200113058","1784185221829553942","-0.000627864992150706"
"2026-07-16 15:00:00.255","000852","2026-06-30","301219","腾远钴业","0.108000","301219.SZ","sz_chi_next","801050.SI","有色金属",,,"45.51","46.08","44.81","45.08","46.17","-1.09","-0.02360840372536279","5720089","259261947.56","0.027507039202945702","-0.08131241084165479","-0.16979742173112342","-0.1503957783641161","-0.012633488854328667","0.1587102661596958","1784185242956308319","-0.00254970760233918"
"2026-07-16 15:00:00.255","000852","2026-06-30","301225","恒勃股份","0.025000","301225.SZ","sz_chi_next","801880.SI","汽车",,,"65.44","67","62.88","64.74","64.29","0.45","0.00699953336444237","4469759","291692487.09","0.06408461658111687","0.10262773722627735","-0.05538301198540907","0.21349578256794752","-0.07993097147497716","-0.41922337562475975","1784185249112700953","0.000174988334111059"
"2026-07-16 15:00:00.255","000852","2026-06-30","301238","瑞泰新材","0.055000","301238.SZ","sz_chi_next","801730.SI","电力设备",,,"15.99","16","15.47","15.59","16.15","-0.56","-0.034674922600619204","12199839","192029944.22","0.032817337461300375","-0.12758813654168996","-0.29104138244656663","-0.3033958891867739","-0.36419249592169656","-0.2479498311625663","1784185241731577425","-0.00190712074303406"
"2026-07-16 15:00:00.255","000852","2026-06-30","301262","海看股份","0.023000","301262.SZ","sz_chi_next","801760.SI","传媒",,,"19.06","19.65","18.84","19.45","19.07","0.38","0.019926586261143155","4360283","84292419.83","0.042475091767173505","0.05078336034575904","0.028556319407720784","0.07162534435261708","-0.10285977859778597","-0.20934959349593496","1784185229133563106","0.000458311484006293"
"2026-07-16 15:00:00.255","000852","2026-06-30","301263","泰恩康","0.075000","301263.SZ","sz_chi_next","801150.SI","医药生物",,,"20.7","21.95","20.21","21.72","20.9","0.82","0.03923444976076555","10143178","215697346.6","0.08325358851674633","0.05693430656934306","-0.01092896174863388","0.20332409972299167","0.23770478828650576","0.07185743660041125","1784185234132484225","0.00294258373205742"
"2026-07-16 15:00:00.255","000852","2026-06-30","301267","华厦眼科","0.038000","301267.SZ","sz_chi_next","801150.SI","医药生物",,,"16.12","17.05","16.12","16.91","16.2","0.71","0.043827160493827164","9965892","166131543.53","0.05740740740740739","0.15190735694822888","0.11690885072655217","0.15742642026009582","-0.000591016548463357","-0.0631578947368421","1784185249638789787","0.00166543209876543"
"2026-07-16 15:00:00.255","000852","2026-06-30","301268","铭利达","0.023000","301268.SZ","sz_chi_next","801890.SI","机械设备",,,"12.98","13.35","12.78","13.09","13","0.09","0.006923076923076922","3280500","42954999","0.04384615384615387","-0.007581501137225171","-0.10219478737997256","-0.065","-0.2641933670601462","-0.2939590075512406","1784185204830306441","0.000159230769230769"
"2026-07-16 15:00:00.255","000852","2026-06-30","301275","汉朔科技","0.097000","301275.SZ","sz_chi_next","801080.SI","电子",,,"40.8","41.98","40.69","41.18","41.42","-0.24","-0.005794302269435055","4281629","177322414.88","0.031144374698213403","0.004880429477794047","-0.07709547288211564","-0.04366000928936367","-0.06557749035625142","-0.23286140089418778","1784185215219492736","-0.0005620473201352"
"2026-07-16 15:00:00.255","000852","2026-06-30","301291","明阳电气","0.069000","301291.SZ","sz_chi_next","801730.SI","电力设备",,,"35.05","37.68","34.69","36.61","35.31","1.30","0.0368167657887284","8977812","328032584.77","0.08467856131407539","-0.011875843454790824","0.02434247341913822","0.05261644623346751","-0.39507600793126235","-0.12562694053021256","1784185233002841201","0.00254035683942226"
"2026-07-16 15:00:00.255","000852","2026-06-30","301293","三博脑科","0.071000","301293.SZ","sz_chi_next","801150.SI","医药生物",,,"49.59","52.83","47.95","52.36","49.75","2.61","0.052462311557788945","14241413","732942114.22","0.09809045226130658","0.06401137980085349","0.010810810810810813","0.08992506244796004","-0.14444444444444443","-0.26024300649901105","1784185215219556276","0.00372482412060301"
"2026-07-16 15:00:00.255","000852","2026-06-30","301297","富乐德","0.140000","301297.SZ","sz_chi_next","801080.SI","电子",,,"41","43.2","38.78","39.25","42.5","-3.25","-0.07647058823529412","22112635","904292615.97","0.10399999999999987","-0.22200198216055497","-0.25394411708800607","-0.26990327380952384","-0.12153088630259623","0.0725508949310015","1784185235281946865","-0.0107058823529412"
"2026-07-16 15:00:00.255","000852","2026-06-30","301316","慧博云通","0.098000","301316.SZ","sz_chi_next","801750.SI","计算机",,,"38.33","40.88","38.05","39.31","39.1200","0.1900","0.0048568507157464216","15298122","607729265.76","0.07234151329243349","-0.12293618920124944","-0.09652953344058839","0.04049761778718899","-0.1832536879285269","-0.1463626492942454","1784185251479161214","0.000475971370143149"
"2026-07-16 15:00:00.255","000852","2026-06-30","301327","华宝新能","0.026000","301327.SZ","sz_chi_next","801730.SI","电力设备",,,"44.25","44.95","43.72","44.51","44.25","0.26","0.005875706214689266","908964","40469769.4400","0.027796610169491455","-0.018089565409221266","-0.07980152987388878","-0.03028322440087146","-0.22577839624282484","-0.24978931400640486","1784185241731583465","0.000152768361581921"
"2026-07-16 15:00:00.255","000852","2026-06-30","301339","通行宝","0.018000","301339.SZ","sz_chi_next","801750.SI","计算机",,,"10.26","10.47","10.16","10.35","10.3","0.05","0.0048543689320388345","4648027","48103488.62","0.03009708737864065","0.014705882352941176","-0.002890173410404624","0.006809338521400779","-0.10852713178294575","-0.282246879334258","1784185205570854588","8.7378640776699E-05"
"2026-07-16 15:00:00.255","000852","2026-06-30","301345","涛涛车业","0.078000","301345.SZ","sz_chi_next","801880.SI","汽车",,,"261.32","269.99","257.47","265.98","266.12","-0.14","-0.0005260784608447318","1681609","446569460.07","0.04704644521268615","-0.021880631044754163","0.1513787281935847","0.1674494140367818","0.2776443462388318","0.044697564807541244","1784185229133480375","-4.10341199458891E-05"
"2026-07-16 15:00:00.255","000852","2026-06-30","301363","美好医疗","0.045000","301363.SZ","sz_chi_next","801150.SI","医药生物",,,"18.72","19.94","18.3","19.68","19.12","0.56","0.029288702928870293","20255236","391216116.59","0.08577405857740569","0.002547121752419766","-0.061068702290076333","0.06666666666666667","0.5003033838973162","0.3591543340380551","1784185215219520686","0.00131799163179916"
"2026-07-16 15:00:00.255","000852","2026-06-30","301371","敷尔佳","0.021000","301371.SZ","sz_chi_next","801980.SI","美容护理",,,"26.54","26.79","24.73","24.92","26.54","-1.62","-0.061039939713639794","4611646","117013226.72","0.07761868877166535","-0.03634957463263728","-0.08348657594703934","-0.04630692690394183","-0.17209302325581394","0.11498881431767337","1784185248093981448","-0.00128183873398644"
"2026-07-16 15:00:00.255","000852","2026-06-30","301381","赛维时代","0.023000","301381.SZ","sz_chi_next","801200.SI","商贸零售",,,"21.33","21.44","20.61","20.86","21.5","-0.64","-0.029767441860465118","10780576","225841693.08","0.03860465116279062","0.15631929046563192","0.13989071038251366","0.143013698630137","0.12513484358144553","0.01905227161700049","1784185248093983638","-0.000684651162790698"
"2026-07-16 15:00:00.255","000852","2026-06-30","301389","隆扬电子","0.076000","301389.SZ","sz_chi_next","801080.SI","电子",,,"62.1","64.9","60.12","60.92","63.07","-2.15","-0.034089107341049626","7776605","485668384.39","0.07578880608847303","-0.12747063878544831","-0.21696658097686375","-0.3517769738242179","-0.32823148005204766","0.10430337526737483","1784185210339751796","-0.00259077215791977"
"2026-07-16 15:00:00.255","000852","2026-06-30","301392","汇成真空","0.148000","301392.SZ","sz_chi_next","801890.SI","机械设备",,,"231.19","242.36","223.21","225.45","241.61","-16.16","-0.06688464881420471","3837584","890086125.74","0.07925996440544682","-0.17910719487328866","-0.09866869228001439","-0.07526661197703036","0.16481529320588995","0.686994911703083","1784185221829557462","-0.0098989280245023"
"2026-07-16 15:00:00.255","000852","2026-06-30","301396","宏景科技","0.366000","301396.SZ","sz_chi_next","801750.SI","计算机",,,"216.78","229.99","210.59","213.3","230.96","-17.66","-0.07646345687564945","10349352","2272064527.84","0.08399722895739511","-0.25157894736842107","-0.27181482998770995","-0.26372109078356926","0.6385185185185186","5.253821989528796","1784185249638923208","-0.0279856252164877"
"2026-07-16 15:00:00.255","000852","2026-06-30","301413","安培龙","0.056000","301413.SZ","sz_chi_next","801890.SI","机械设备",,,"62.93","65.18","61.9","62.73","64.02","-1.29","-0.020149953139643864","3350199","211777554.59","0.05123398937831918","-0.0788546255506608","-0.2442168674698795","-0.037588217244553544","-0.1451197484073865","-0.22140349588719155","1784185237447685234","-0.00112839737582006"
"2026-07-16 15:00:00.255","000852","2026-06-30","301421","波长光电","0.049000","301421.SZ","sz_chi_next","801080.SI","电子",,,"80.9","82.36","76.45","77.05","83.38","-6.33","-0.07591748620772368","5842655","463404199.38","0.07088030702806423","-0.2431237721021611","-0.2767974469682748","-0.17097051861415968","-0.29826958105646634","-0.27983923731189836","1784185246736786976","-0.00371995682417846"
"2026-07-16 15:00:00.255","000852","2026-06-30","301458","钧崴电子","0.064000","301458.SZ","sz_chi_next","801080.SI","电子",,,"41.76","42.86","39.83","40.34","42.1200","-1.7800","-0.0422602089268756","6671912","274779457.74","0.07193732193732195","-0.19833068362480127","-0.20886448323200626","-0.3629185091598231","-0.15305479739659877","0.2477575007732756","1784185241731547995","-0.00270465337132004"
"2026-07-16 15:00:00.255","000852","2026-06-30","301487","盟固利","0.054000","301487.SZ","sz_chi_next","801730.SI","电力设备",,,"15.87","16.13","15.6","15.76","15.99","-0.23","-0.014383989993746092","10607878","168251395.58","0.0331457160725453","-0.10250569476082005","-0.20580528119330777","-0.13330400351957764","-0.4091624803179126","-0.2914943355511599","1784185217249848610","-0.000776735459662289"
"2026-07-16 15:00:00.255","000852","2026-06-30","301488","豪恩汽电","0.040000","301488.SZ","sz_chi_next","801880.SI","汽车",,,"104.94","109.2","103.4","107.67","106.22","1.45","0.0136509131990209","1165008","125072508.43","0.05460365279608358","-0.08209718670076727","-0.21694545454545452","-0.13455510007234145","-0.2775280144937261","-0.31144081345526636","1784185210339697545","0.000546036527960836"
"2026-07-16 15:00:00.255","000852","2026-06-30","301489","思泉新材","0.115000","301489.SZ","sz_chi_next","801080.SI","电子",,,"139","144.4","133.02","136.6","140.5","-3.9","-0.02775800711743772","5445901","758592533.3","0.08099644128113896","-0.157933670324251","-0.17829643888354185","-0.19798027242837013","0.06693233442257113","0.31101753011458233","1784185215219557547","-0.00319217081850534"
"2026-07-16 15:00:00.255","000852","2026-06-30","301500","飞南资源","0.045000","301500.SZ","sz_chi_next","801970.SI","环保",,,"22.9","23.05","21.95","22.2","23.16","-0.96","-0.04145077720207254","9441285","212709675.64","0.04749568221070818","-0.13903432228039558","-0.2319667877529839","-0.16083916083916083","-0.14036786060019363","0.40550807217473883","1784185245889404166","-0.00186528497409326"
"2026-07-16 15:00:00.255","000852","2026-06-30","301510","固高科技","0.092000","301510.SZ","sz_chi_next","801890.SI","机械设备",,,"29.3","29.63","28.14","28.37","29.64","-1.27","-0.042847503373819165","10610713","305829295.24","0.05026990553306349","-0.1281499692685925","-0.20709893795416434","-0.09361022364217253","-0.20820541445715882","-0.23961404449209325","1784185225772545824","-0.00394197031039136"
"2026-07-16 15:00:00.255","000852","2026-06-30","301511","德福科技","0.465000","301511.SZ","sz_chi_next","801730.SI","电力设备",,,"110.06","114.07","105","107","111.8","-4.8","-0.04293381037567084","21884381","2386071989.8","0.08112701252236129","-0.11562939085874867","-0.3011103853690399","-0.3110109465550547","-0.10475234270414993","1.9211029211029211","1784185204830308681","-0.0199642218246869"
"2026-07-16 15:00:00.255","000852","2026-06-30","301522","上大股份","0.050000","301522.SZ","sz_chi_next","801050.SI","有色金属",,,"22.41","23.19","22.24","22.82","22.62","0.20","0.008841732979664015","4455964","101649702.84","0.041998231653404036","-0.06437064370643707","-0.17318840579710146","-0.12264513648596692","-0.20912178554099953","-0.40856313497822927","1784185228161481567","0.000442086648983201"
"2026-07-16 15:00:00.255","000852","2026-06-30","301550","斯菱智驱","0.157000","301550.SZ","sz_chi_next","801880.SI","汽车",,,"82.89","84.87","81.11","81.86","83.57","-1.71","-0.02046188823740577","4620117","382979534.86","0.04499222208926637","-0.05691244239631337","-0.24961041342011184","-0.08464721010846472","0.005524786025180381","0.07391289426886719","1784185235281930325","-0.00321251645327271"
"2026-07-16 15:00:00.255","000852","2026-06-30","301551","无线传媒","0.032000","301551.SZ","sz_chi_next","801760.SI","传媒",,,"19.88","20.69","19.68","20.54","19.88","0.66","0.03319919517102616","7152170","145593056.18","0.050804828973842954","0.046357615894039736","-0.0019436345966958213","0.03737373737373737","-0.13260135135135137","-0.3439795592462472","1784185245889503747","0.00106237424547284"
"2026-07-16 15:00:00.255","000852","2026-06-30","301556","托普云农","0.020000","301556.SZ","sz_chi_next","801750.SI","计算机",,,"54.64","56.57","54.06","55.9","55.35","0.55","0.00993676603432701","1155500","64457101","0.04534778681120154","-0.01026912181303116","-0.07235313640889479","-0.02681058495821727","-0.20211247502141022","-0.4402163028239535","1784185208191536166","0.00019873532068654"
"2026-07-16 15:00:00.255","000852","2026-06-30","301563","云汉芯城","0.045000","301563.SZ","sz_chi_next","801080.SI","电子",,,"137","139.88","133.41","134.44","138.76","-4.32","-0.031132891323147886","1590674","216981502.2","0.046627270106658965","-0.15013591251027245","-0.14868287740628167","-0.21563593932322053","-0.05904249150998095","0.24324815321477425","1784185233440939811","-0.00140098010954165"
"2026-07-16 15:00:00.255","000852","2026-06-30","301565","中仑新材","0.028000","301565.SZ","sz_chi_next","801030.SI","基础化工",,,"18.82","19.14","18.62","18.84","19.03","-0.19","-0.009984235417761429","3478660","65768867.48","0.027325275880189338","-0.10753197536712458","-0.2006788290199406","-0.2185815014516798","-0.3271428571428571","-0.238480194017785","1784185245122673844","-0.00027955859169732"
"2026-07-16 15:00:00.255","000852","2026-06-30","301571","国科天成","0.072000","301571.SZ","sz_chi_next","801740.SI","国防军工",,,"60.2","64.3","58.61","62.02","60.75","1.27","0.020905349794238682","5688963","350788511.36","0.09366255144032919","-0.07551501058343023","0.02961684042765124","-0.05133382280959373","-0.008568322782786623","0.10109008273266343","1784185215219502106","0.00150518518518518"
"2026-07-16 15:00:00.255","000852","2026-06-30","301584","建发致新","0.011000","301584.SZ","sz_chi_next","801150.SI","医药生物",,,"24.23","24.83","23.02","23.85","24.32","-0.47","-0.01932565789473684","9936805","235876656.51","0.07442434210526311","0.17894216510133465","0.12659423712801132","0.19071392910634047","0.06663685152057246","-0.1977800201816347","1784185249638773607","-0.000212582236842105"
"2026-07-16 15:00:00.255","000852","2026-06-30","301589","诺瓦星云","0.057000","301589.SZ","sz_chi_next","801750.SI","计算机",,,"135.01","148.4","133.52","143","135.69","7.31","0.053872798290220354","1389956","197606002.49","0.10966172894096857","-0.018329100020594496","-0.023890784982935155","-0.004247615068588538","-0.1327025715672004","-0.2266089778258518","1784185217249872370","0.00307074950254256"
"2026-07-16 15:00:00.255","000852","2026-06-30","301592","六九一二","0.038000","301592.SZ","sz_chi_next","801740.SI","国防军工",,,"105.54","109.38","104.56","105.63","106.71","-1.08","-0.010120888389091932","1371073","145823990.34","0.04516915003279911","-0.18864736154850603","-0.19168962350780533","-0.12230992937266308","-0.0738759907413902","-0.1400729427855026","1784185248094004308","-0.000384593758785493"
"2026-07-16 15:00:00.255","000852","2026-06-30","301600","慧翰股份","0.039000","301600.SZ","sz_chi_next","801750.SI","计算机",,,"79.4","84.45","77.1","82.99","79.71","3.28","0.04114916572575587","1246748","102430193.84","0.0922092585622884","0.015789473684210527","-0.04234941149319178","-0.00729665071770335","-0.20811068702290075","-0.36745426829268296","1784185221829523431","0.00160481746330448"
"2026-07-16 15:00:00.255","000852","2026-06-30","301602","超研股份","0.012000","301602.SZ","sz_chi_next","801150.SI","医药生物",,,"14.41","15.75","14.41","15.46","14.47","0.99","0.06841741534208708","7945671","120992991.93","0.09260539046302693","0.13426265590608952","0.05098572399728076","0.11785972523499638","-0.04626773596545342","-0.305792546026044","1784185246736746766","0.000821008984105045"
"2026-07-16 15:00:00.255","000852","2026-06-30","301622","英思特","0.034000","301622.SZ","sz_chi_next","801050.SI","有色金属",,,"40.99","41.41","40.43","40.89","41.06","-0.17","-0.004140282513395032","1043676","42783909.92","0.02386751095957128","-0.039238721804511274","-0.1851335193304105","-0.17393939393939392","-0.31242643349588023","-0.376771833561957","1784185245122691895","-0.000140769605455431"
"2026-07-16 15:00:00.255","000852","2026-06-30","301626","苏州天脉","0.228000","301626.SZ","sz_chi_next","801080.SI","电子",,,"295.88","298.05","277.25","281","304.14","-23.14","-0.07608338265272573","2162141","621141533.76","0.06838955744065237","-0.13777232279840443","-0.12461059190031153","-0.18597914252607187","-0.16703720171928263","0.5180983252296056","1784185215219527326","-0.0173470112448215"
"2026-07-16 15:00:00.255","000852","2026-06-30","301631","壹连科技","0.028000","301631.SZ","sz_chi_next","801880.SI","汽车",,,"63.6","64.18","61.31","61.81","63.98","-2.17","-0.03391684901531729","2108756","132116698.04","0.044857768052516366","-0.15444596443228453","-0.18208283710467119","-0.15026120428924938","-0.06809538461538461","0.16937837837837835","1784185245889454096","-0.000949671772428884"
"2026-07-16 15:00:00.255","000852","2026-06-30","301632","广东建科","0.013000","301632.SZ","sz_chi_next","801210.SI","社会服务",,,"14.73","15.25","14.6","15.06","14.8","0.26","0.01756756756756757","2466350","37071751.35","0.04391891891891894","0.03080082135523614","-0.045627376425855515","0.01006036217303823","-0.11202830188679244","-0.3797364085667216","1784185231743341890","0.000228378378378378"
"2026-07-16 15:00:00.255","000852","2026-06-30","301658","首航新能","0.013000","301658.SZ","sz_chi_next","801730.SI","电力设备",,,"23.39","24.12","23.17","23.6","23.59","0.01","0.000423908435777872","3280037","77673201.3","0.040271301398897806","-0.013790221479314668","-0.11411411411411411","-0.09125914516750097","-0.3892971742055688","-0.18350401328535842","1784185249638882768","5.51080966511234E-06"
"2026-07-16 15:00:00.255","000852","2026-06-30","301662","宏工科技","0.036000","301662.SZ","sz_chi_next","801730.SI","电力设备",,,"71.6","72.28","69.13","69.74","71.33","-1.59","-0.022290761250525728","1764811","124547460.45","0.044160942100098216","-0.11899949469429005","-0.23117627604453755","-0.30627673331343874","-0.04904111810104418","0.0982574339000824","1784185237447670814","-0.000802467405018926"
"2026-07-16 15:00:00.255","000852","2026-06-30","301665","泰禾股份","0.009000","301665.SZ","sz_chi_next","801030.SI","基础化工",,,"24.61","25.09","24","24.2","25.13","-0.93","-0.03700756068444091","6341942","155258715.59","0.04337445284520493","0.02109704641350211","0.05861767279090114","0.131369798971482","0.06701940035273368","-0.12855599567879006","1784185210339698225","-0.000333068046159968"
"2026-07-16 15:00:00.255","000852","2026-06-30","301678","新恒汇","0.058000","301678.SZ","sz_chi_next","801080.SI","电子",,,"51.56","52.59","49.04","49.3","52","-2.7","-0.051923076923076926","4490455","227333972.93","0.06826923076923072","-0.21795685279187818","-0.252123786407767","-0.28238719068413387","-0.1658206429780034","-0.26428891210267125","1784185244258090124","-0.00301153846153846"
"2026-07-16 15:00:00.255","000852","2026-06-30","600006","东风股份","0.042000","600006.SH","sh","801880.SI","汽车",,,"5.33","5.4","5.25","5.35","5.33","0.02","0.00375234521575985","15160098","81024442.83","0.02814258911819894","0.046966731898238745","0.007532956685499059","0.030828516377649325","-0.12006578947368421","-0.2569444444444445","1784185204830262470","0.000157598499061914"
"2026-07-16 15:00:00.255","000852","2026-06-30","600012","皖通高速","0.057000","600012.SH","sh","801170.SI","交通运输",,,"16.78","17.08","16.7","16.92","16.81","0.11","0.006543723973825104","3802048","64183952.32","0.022605591909577786","-0.010526315789473682","0.03740036787247088","0.06148055207026349","0.02669902912621359","0.14867617107942974","1784185244258561228","0.000372992266508031"
"2026-07-16 15:00:00.255","000852","2026-06-30","600017","日照港","0.047000","600017.SH","sh","801170.SI","交通运输",,,"2.72","2.74","2.69","2.72","2.72","0.00","0.0","30919700","83771816","0.01838235294117657","0.0501930501930502","0.04615384615384615","0.07086614173228346","0.022172115745960164","-0.0688120506675796","1784185249112682273","0"
"2026-07-16 15:00:00.255","000852","2026-06-30","600022","山东钢铁","0.068000","600022.SH","sh","801040.SI","钢铁",,,"1.35","1.36","1.31","1.33","1.35","-0.02","-0.014814814814814814","118392080","157259529.2","0.03703703703703707","0.05555555555555556","0.047244094488188976","0.0813008130081301","0.007575757575757576","-0.11920529801324503","1784185205570751438","-0.00100740740740741"
"2026-07-16 15:00:00.255","000852","2026-06-30","600033","福建高速","0.045000","600033.SH","sh","801170.SI","交通运输",,,"3.58","3.62","3.54","3.57","3.59","-0.02","-0.005571030640668524","23666828","84561831.98","0.022284122562674116","0.05621301775147929","0.05621301775147929","0.08181818181818183","0.017094017094017096","-0.1206896551724138","1784185231743325020","-0.000250696378830084"
"2026-07-16 15:00:00.255","000852","2026-06-30","600037","歌华有线","0.063000","600037.SH","sh","801760.SI","传媒",,,"6.79","6.98","6.72","6.86","6.8","0.06","0.008823529411764706","30350439","208068390.63","0.03823529411764716","0.11003236245954694","0.08372827804107426","0.09062003179650238","-0.05509641873278237","-0.05769230769230769","1784185210339709535","0.000555882352941176"
"2026-07-16 15:00:00.255","000852","2026-06-30","600055","万东医疗","0.044000","600055.SH","sh","801150.SI","医药生物",,,"10.94","11.07","10.62","11.03","10.78","0.25","0.02319109461966605","9222485","100888851","0.04174397031539882","0.0667311411992263","0.016589861751152072","0.09207920792079209","-0.13012618296529968","-0.3266178266178266","1784185228161504017","0.00102040816326531"
"2026-07-16 15:00:00.255","000852","2026-06-30","600056","中国医药","0.067000","600056.SH","sh","801150.SI","医药生物",,,"9.6","9.83","9.46","9.78","9.64","0.14","0.014522821576763486","34053043","329334340.72","0.03838174273858913","0.08666666666666667","0.07236842105263158","0.13986013986013984","0.018813675854740922","-0.05410371975162969","1784185229133453205","0.000973029045643154"
"2026-07-16 15:00:00.255","000852","2026-06-30","600057","厦门象屿","0.063000","600057.SH","sh","801170.SI","交通运输",,,"6.05","6.21","6","6.18","6.05","0.13","0.021487603305785124","20931594","128542092.98","0.034710743801652885","0.08421052631578947","0.09380530973451327","0.11956521739130437","0.033444816053511704","-0.24171779141104294","1784185225772542764","0.00135371900826446"
"2026-07-16 15:00:00.255","000852","2026-06-30","600058","五矿发展","0.051000","600058.SH","sh","801200.SI","商贸零售",,,"8.79","8.95","8.58","8.62","8.88","-0.26","-0.02927927927927928","13263504","115619983.48","0.041666666666666775","-0.23716814159292035","-0.1981395348837209","-0.2744107744107744","-0.16310679611650483","-0.31602501031516805","1784185215219489106","-0.00149324324324324"
"2026-07-16 15:00:00.255","000852","2026-06-30","600059","古越龙山","0.048000","600059.SH","sh","801120.SI","食品饮料",,,"7.94","8.02","7.86","7.98","7.95","0.03","0.003773584905660377","8528600","67804019.65","0.020125786163521918","0.07547169811320756","0.05","0.07837837837837837","0.007575757575757576","-0.125","1784185225772573795","0.000181132075471698"
"2026-07-16 15:00:00.255","000852","2026-06-30","600063","皖维高新","0.113000","600063.SH","sh","801030.SI","基础化工",,,"5.68","5.69","5.5","5.53","5.72","-0.19","-0.033216783216783216","55726770","310853518.66","0.033216783216783285","-0.1051779935275081","-0.27522935779816515","-0.2964376590330789","-0.20431654676258992","-0.06429780033840947","1784185221829507761","-0.0037534965034965"
"2026-07-16 15:00:00.255","000852","2026-06-30","600064","南京高科","0.089000","600064.SH","sh","801180.SI","房地产",,,"7.62","7.69","7.56","7.64","7.63","0.01","0.001310615989515072","17319112","132311741.44","0.017038007863695925","0.04371584699453552","0.04087193460490463","0.05234159779614325","0.04371584699453552","-0.12585812356979406","1784185235281956956","0.000116644823066841"
"2026-07-16 15:00:00.255","000852","2026-06-30","600072","中船科技","0.078000","600072.SH","sh","801730.SI","电力设备",,,"8.14","8.28","8.06","8.19","8.19","0.00","0.0","16455310","134796023.35","0.026862026862026725","0.011111111111111112","-0.07562076749435667","-0.04210526315789473","-0.29759862778730706","-0.30357142857142855","1784185215219521306","0"
"2026-07-16 15:00:00.255","000852","2026-06-30","600075","新疆天业","0.042000","600075.SH","sh","801030.SI","基础化工",,,"4.37","4.4","4.26","4.3","4.38","-0.08","-0.018264840182648404","21752450","93920264.96","0.03196347031963483","0.021377672209026127","0.011764705882352941","0.03614457831325301","-0.16504854368932037","-0.1348088531187123","1784185208191495406","-0.000767123287671233"
"2026-07-16 15:00:00.255","000852","2026-06-30","600094","大名城","0.053000","600094.SH","sh","801180.SI","房地产",,,"3.81","3.88","3.71","3.77","3.86","-0.09","-0.023316062176165803","20871501","78811676.88","0.044041450777202056","-0.07371007371007371","0.08333333333333333","0.0443213296398892","-0.1509009009009009","-0.09808612440191387","1784185208191515446","-0.00123575129533679"
"2026-07-16 15:00:00.255","000852","2026-06-30","600113","浙江东日","0.072000","600113.SH","sh","801200.SI","商贸零售",,,"30.32","30.41","29.3","29.46","30","-0.54","-0.018000000000000002","5782642","172117480.67","0.036999999999999984","-0.020285999334885268","-0.14360465116279073","0.07439824945295405","-0.21439999999999998","-0.5396875","1784185208191531746","-0.001296"
"2026-07-16 15:00:00.255","000852","2026-06-30","600114","东睦股份","0.196000","600114.SH","sh","801890.SI","机械设备",,,"31.01","31.64","29.37","29.48","31.17","-1.69","-0.05421880012832852","17078256","518016474.03","0.07282643567532883","-0.14027413240011666","-0.2186588921282799","-0.2633683158420789","-0.2546144121365361","-0.016349683016349682","1784185241731556885","-0.0106268848251524"
"2026-07-16 15:00:00.255","000852","2026-06-30","600116","三峡水利","0.055000","600116.SH","sh","801160.SI","公用事业",,,"6.17","6.25","6.08","6.15","6.2","-0.05","-0.008064516129032258","26115184","160333804.4","0.027419354838709664","0.07894736842105263","0.07517482517482518","0.09821428571428573","-0.09158050221565732","-0.0405616224648986","1784185205570767978","-0.000443548387096774"
"2026-07-16 15:00:00.255","000852","2026-06-30","600120","浙江东方","0.090000","600120.SH","sh","","未映射","","","4.88","4.95","4.83","4.9","4.91","-0.01","-0.002036659877800407","52029965","254152476.26","0.024439918533604908","0.016597510373443983","0.1111111111111111","0.12128146453089245","0.026823134953897737","-0.24113365339941148","1784185242956309549","-0.000183299389002037"
"2026-07-16 15:00:00.255","000852","2026-06-30","600123","兰花科创","0.048000","600123.SH","sh","801950.SI","煤炭",,,"6.34","6.5","6.21","6.25","6.33","-0.08","-0.01263823064770932","29471299","185362376.03","0.04581358609794629","0.0984182776801406","0.08885017421602787","0.14259597806215724","-0.05159332321699545","0.05218855218855219","1784185229133514365","-0.000606635071090047"
"2026-07-16 15:00:00.255","000852","2026-06-30","600129","太极集团","0.054000","600129.SH","sh","801150.SI","医药生物",,,"17.51","17.95","16.19","16.26","17.98","-1.72","-0.09566184649610678","61926283","1051126369.59","0.0978865406006673","0.056530214424951264","0.1540099361249113","0.3709949409780776","0.1655913978494624","-0.11630434782608698","1784185205570792458","-0.00516573971078977"
"2026-07-16 15:00:00.255","000852","2026-06-30","600133","东湖高新","0.086000","600133.SH","sh","801970.SI","环保",,,"7.67","7.8","7.61","7.72","7.66","0.06","0.007832898172323759","13292303","102693025.28","0.02480417754569184","-0.010256410256410256","-0.021546261089987327","-0.05623471882640587","-0.09283196239717979","-0.15812431842966193","1784185225772554064","0.000673629242819843"
"2026-07-16 15:00:00.255","000852","2026-06-30","600151","航天机电","0.116000","600151.SH","sh","801730.SI","电力设备",,,"9.2","9.34","9.03","9.12","9.2","-0.08","-0.008695652173913044","25367428","233005324.53","0.03369565217391309","-0.12643678160919541","-0.1929203539823009","-0.20279720279720279","-0.39401993355481724","-0.5277058518902124","1784185244258060974","-0.00100869565217391"
"2026-07-16 15:00:00.255","000852","2026-06-30","600155","华创云信","0.125000","600155.SH","sh","801790.SI","非银金融",,,"5.6","5.7","5.58","5.66","5.68","-0.02","-0.0035211267605633804","37518111","211369384.46","0.021126760563380302","0.04044117647058823","-0.0017636684303350971","0.03663003663003663","0.0053285968028419185","-0.15396113602391628","1784185245121999730","-0.000440140845070423"
"2026-07-16 15:00:00.255","000852","2026-06-30","600158","中体产业","0.053000","600158.SH","sh","801210.SI","社会服务",,,"6.47","6.66","6.41","6.61","6.52","0.09","0.013803680981595092","34518096","227094684.04","0.03834355828220859","0.04258675078864354","-0.027941176470588237","-0.029368575624082235","-0.4301724137931035","-0.24715261958997722","1784185248093975428","0.00073159509202454"
"2026-07-16 15:00:00.255","000852","2026-06-30","600163","中闽能源","0.040000","600163.SH","sh","801160.SI","公用事业",,,"4.94","4.94","4.83","4.86","4.9","-0.04","-0.008163265306122448","18652691","90894259.08","0.0224489795918368","0.029661016949152547","-0.047058823529411764","-0.020161290322580648","-0.2976878612716763","-0.10825688073394495","1784185233440985931","-0.000326530612244898"
"2026-07-16 15:00:00.255","000852","2026-06-30","600167","联美控股","0.039000","600167.SH","sh","801160.SI","公用事业",,,"5.91","5.92","5.79","5.85","5.87","-0.02","-0.0034071550255536627","8788071","51455545.16","0.02214650766609879","0.05595667870036101","0.0068846815834767644","0.09345794392523366","-0.12293853073463268","-0.17837078651685392","1784185234132532876","-0.000132879045996593"
"2026-07-16 15:00:00.255","000852","2026-06-30","600179","安通控股","0.115000","600179.SH","sh","801170.SI","交通运输",,,"4.32","4.36","4.28","4.34","4.3500","-0.0100","-0.002298850574712644","23377356","101196648.48","0.018390804597701163","-0.048245614035087724","-0.054466230936819175","-0.08245243128964058","-0.029082774049217004","-0.16538461538461538","1784185251479150184","-0.000264367816091954"
"2026-07-16 15:00:00.255","000852","2026-06-30","600184","光电股份","0.096000","600184.SH","sh","801740.SI","国防军工",,,"19","19.33","18.01","18.22","19.32","-1.10","-0.056935817805383024","20024165","372379457.71","0.06832298136645965","-0.18369175627240142","-0.29461866047231905","-0.39688844753392916","-0.28222502363693663","-0.055175274839244975","1784185217249852730","-0.00546583850931677"
"2026-07-16 15:00:00.255","000852","2026-06-30","600185","珠免集团","0.052000","600185.SH","sh","801200.SI","商贸零售",,,"4.56","4.68","4.48","4.62","4.57","0.05","0.010940919037199124","28866399","132837203.46","0.04376367614879634","0.059633027522935776","0.008733624454148471","0.01986754966887417","-0.13966480446927373","-0.31555555555555553","1784185237447702314","0.000568927789934354"
"2026-07-16 15:00:00.255","000852","2026-06-30","600186","莲花控股","0.206000","600186.SH","sh","801120.SI","食品饮料",,,"9.94","10.4","9.8","9.92","10.25","-0.33","-0.03219512195121951","168210859","1695684942.58","0.05853658536585363","-0.09818181818181819","-0.16074450084602368","-0.3062937062937063","-0.09406392694063928","0.6077795786061588","1784185233002888071","-0.00663219512195122"
"2026-07-16 15:00:00.255","000852","2026-06-30","600201","生物股份","0.133000","600201.SH","sh","801010.SI","农林牧渔",,,"12.15","12.29","11.83","12.02","12.21","-0.19","-0.01556101556101556","15900200","190889406.7","0.03767403767403774","-0.013136288998357965","-0.02355808285946385","0.050699300699300696","-0.0013293452974410104","-0.2480920805704992","1784185228161543688","-0.00206961506961507"
"2026-07-16 15:00:00.255","000852","2026-06-30","600206","有研新材","0.405000","600206.SH","sh","801080.SI","电子",,,"45.95","47.55","43.18","43.79","47.65","-3.86","-0.08100734522560336","87932482","3986616481.2500","0.09171038824763914","-0.2625463118895251","-0.19355432780847145","-0.2792955892034233","0.4241576687914661","1.122842738025984","1784185246736781306","-0.0328079748163694"
"2026-07-16 15:00:00.255","000852","2026-06-30","600210","紫江企业","0.077000","600210.SH","sh","801140.SI","轻工制造",,,"6.57","6.61","6.5","6.55","6.58","-0.03","-0.004559270516717325","19535141","128057422.04","0.016717325227963573","0.06677524429967427","0.041335453100158986","0.041335453100158986","-0.006069802731411229","-0.11843876177658143","1784185221829534721","-0.000351063829787234"
"2026-07-16 15:00:00.255","000852","2026-06-30","600211","西藏药业","0.062000","600211.SH","sh","801150.SI","医药生物",,,"39.69","40.59","39.29","40.45","40.07","0.38","0.009483404042924881","7766404","311400915.78","0.0324432243573747","0.09000269469145783","0.04306343476018566","0.13623595505617975","0.07095578501456182","-0.04684480889768603","1784185225772553094","0.000587971050661343"
"2026-07-16 15:00:00.255","000852","2026-06-30","600216","浙江医药","0.079000","600216.SH","sh","801150.SI","医药生物",,,"12.3","12.74","12.3","12.59","12.53","0.06","0.004788507581803671","29653677","372472917.3800","0.03511572226656021","0.08440999138673558","0.048293089092422976","0.14350590372388738","0.02357723577235772","-0.07967836257309942","1784185235281955925","0.00037829209896249"
"2026-07-16 15:00:00.255","000852","2026-06-30","600226","亨通股份","0.205000","600226.SH","sh","801160.SI","公用事业",,,"7.25","7.29","6.72","6.77","7.35","-0.58","-0.07891156462585033","146037016","1023812681.91","0.0775510204081633","-0.2016509433962264","-0.2641304347826087","-0.3570750237416904","0.018045112781954885","0.2994241842610365","1784185223973685114","-0.0161768707482993"
"2026-07-16 15:00:00.255","000852","2026-06-30","600246","万通发展","0.303000","600246.SH","sh","801180.SI","房地产",,,"17.74","19.78","17.19","19.48","17.98","1.50","0.08342602892102335","185731414","3588255851.15","0.14404894327030032","-0.06301106301106302","0.26740403383214056","-0.024536805207811718","0.1588340273646639","0.5509554140127388","1784185249112665933","0.0252780867630701"
"2026-07-16 15:00:00.255","000852","2026-06-30","600248","陕建股份","0.041000","600248.SH","sh","801720.SI","建筑装饰",,,"2.91","2.94","2.87","2.92","2.89","0.03","0.010380622837370242","17973378","52182488.86","0.024221453287197176","0.05797101449275363","0.05415162454873646","0.08148148148148147","-0.09316770186335403","-0.1797752808988764","1784185245122024180","0.00042560553633218"
"2026-07-16 15:00:00.255","000852","2026-06-30","600252","中恒集团","0.040000","600252.SH","sh","801150.SI","医药生物",,,"2.19","2.28","2.17","2.26","2.19","0.07","0.03196347031963471","100653368","224934179.87","0.050228310502283255","0.18947368421052632","0.17098445595854925","0.2768361581920904","0.03196347031963471","-0.18411552346570398","1784185215219558716","0.00127853881278539"
"2026-07-16 15:00:00.255","000852","2026-06-30","600258","首旅酒店","0.075000","600258.SH","sh","801210.SI","社会服务",,,"11.6","11.92","11.47","11.78","11.58","0.20","0.017271157167530225","23117144","270882032.46","0.03886010362694294","0.05272564789991063","0.02168256721595837","0.07481751824817517","-0.014225941422594144","-0.2395093608779858","1784185204830272250","0.00129533678756477"
"2026-07-16 15:00:00.255","000852","2026-06-30","600259","中稀有色","0.245000","600259.SH","sh","801050.SI","有色金属",,,"81.5","83.09","78.64","79","82.66","-3.66","-0.04427776433583354","10734448","864786036.64","0.05383498669247524","-0.07494145199063232","-0.22745941717191473","-0.20618971061093247","-0.1192865105908584","0.39231582657737046","1784185249112659983","-0.0108480522622792"
"2026-07-16 15:00:00.255","000852","2026-06-30","600266","城建发展","0.050000","600266.SH","sh","801180.SI","房地产",,,"4.01","4.08","3.94","4.05","4.0200","0.0300","0.00746268656716418","30370841","122303474.59","0.0348258706467662","0.02531645569620253","-0.0024630541871921187","0.03580562659846548","-0.14915966386554622","-0.27419354838709675","1784185219057527740","0.000373134328358209"
"2026-07-16 15:00:00.255","000852","2026-06-30","600267","海正药业","0.087000","600267.SH","sh","801150.SI","医药生物",,,"11.88","12.2","11.66","11.99","11.98","0.01","0.0008347245409015025","53414984","638261618.7","0.04507512520868121","0.14956855225311602","0.13865147198480532","0.20745216515609266","0.23353909465020575","0.22471910112359555","1784185210339758545","7.26210350584307E-05"
"2026-07-16 15:00:00.255","000852","2026-06-30","600268","国电南自","0.061000","600268.SH","sh","801730.SI","电力设备",,,"10.19","10.32","10.07","10.1","10.26","-0.16","-0.015594541910331385","11433023","116410421.1","0.02436647173489279","-0.054307116104868915","-0.13895993179880647","-0.10698496905393456","-0.24117205108940645","-0.024154589371980676","1784185208191520866","-0.000951267056530214"
"2026-07-16 15:00:00.255","000852","2026-06-30","600269","赣粤高速","0.048000","600269.SH","sh","801170.SI","交通运输",,,"3.93","3.99","3.89","3.96","3.94","0.02","0.005076142131979696","28562500","112673835","0.0253807106598985","-0.024630541871921187","-0.017369727047146403","0.03937007874015748","-0.022222222222222223","-0.2095808383233533","1784185251479182424","0.000243654822335025"
"2026-07-16 15:00:00.255","000852","2026-06-30","600273","嘉化能源","0.053000","600273.SH","sh","801030.SI","基础化工",,,"6.64","6.68","6.51","6.6","6.62","-0.02","-0.0030211480362537764","16320320","107680935.6","0.025679758308157087","0.018518518518518517","-0.014925373134328358","-0.004524886877828054","-0.09465020576131686","-0.19708029197080293","1784185245122674744","-0.00016012084592145"
"2026-07-16 15:00:00.255","000852","2026-06-30","600285","羚锐制药","0.090000","600285.SH","sh","801150.SI","医药生物",,,"22.65","23.18","22.61","23.05","22.92","0.13","0.005671902268760907","13838150","316899063.5","0.024869109947643988","0.0578246902248738","0.11191509889049686","0.18998451213216314","0.2099737532808399","0.18084016393442623","1784185233440964131","0.000510471204188482"
"2026-07-16 15:00:00.255","000852","2026-06-30","600301","华锡有色","0.159000","600301.SH","sh","801050.SI","有色金属",,,"42","43.88","41.5","42.05","43","-0.95","-0.022093023255813953","10265827","438389542.33","0.055348837209302386","-0.1787109375","-0.3205687510098562","-0.2901755570560432","-0.23670357596660008","0.15712713263621353","1784185248093879878","-0.00351279069767442"
"2026-07-16 15:00:00.255","000852","2026-06-30","600305","恒顺醋业","0.043000","600305.SH","sh","801120.SI","食品饮料",,,"6.81","6.9","6.76","6.87","6.82","0.05","0.007331378299120235","9582374","65571316.21","0.02052785923753674","0.06346749226006192","0.05368098159509203","0.09569377990430622","-0.019971469329529246","-0.10546875000000001","1784185229133566286","0.00031524926686217"
"2026-07-16 15:00:00.255","000852","2026-06-30","600315","上海家化","0.058000","600315.SH","sh","801980.SI","美容护理",,,"18","18.29","17.82","18.15","18.11","0.04","0.0022087244616234127","5054400","91392457","0.025952512424075036","0.03125","0.040114613180515755","0.10267314702308626","0.024844720496894408","-0.2063839090511587","1784185242956307369","0.000128106018774158"
"2026-07-16 15:00:00.255","000852","2026-06-30","600320","振华重工","0.084000","600320.SH","sh","801890.SI","机械设备",,,"4.13","4.16","4.0600","4.09","4.14","-0.05","-0.01207729468599034","37353399","152942225.27","0.024154589371980593","0.0225","-0.03080568720379147","-0.02386634844868735","-0.15495867768595042","-0.18525896414342632","1784185242956317969","-0.00101449275362319"
"2026-07-16 15:00:00.255","000852","2026-06-30","600323","瀚蓝环境","0.138000","600323.SH","sh","801970.SI","环保",,,"30.48","30.54","29.7","30.15","30.3","-0.15","-0.0049504950495049506","5056684","152257980.88","0.027722772277227716","0.056782334384858045","0.06499470151889793","0.09437386569872959","0.015151515151515152","0.0396551724137931","1784185210339744865","-0.000683168316831683"
"2026-07-16 15:00:00.255","000852","2026-06-30","600325","华发股份","0.052000","600325.SH","sh","801180.SI","房地产",,,"2.42","2.51","2.39","2.49","2.42","0.07","0.028925619834710748","64218701","157970345.01","0.049586776859504175","0.08733624454148473","0.05508474576271187","0.07792207792207792","-0.11387900355871886","-0.4262672811059908","1784185217249847670","0.00150413223140496"
"2026-07-16 15:00:00.255","000852","2026-06-30","600328","中盐化工","0.054000","600328.SH","sh","801030.SI","基础化工",,,"6.07","6.13","6.02","6.1","6.11","-0.01","-0.001636661211129296","13591740","82642948.7","0.018003273322422166","0.044520547945205484","-0.012944983818770227","-0.001636661211129296","-0.10151416956342427","-0.25420579029733964","1784185248093964198","-8.8379705400982E-05"
"2026-07-16 15:00:00.255","000852","2026-06-30","600330","天通股份","0.390000","600330.SH","sh","801080.SI","电子",,,"22.4","22.99","21.1","21.36","23.43","-2.07","-0.088348271446863","86729021","1909682477.47","0.08066581306017928","-0.14968152866242038","-0.1872146118721461","-0.3477862595419848","-0.3778036702592485","0.6468774094063223","1784185248093943568","-0.0344558258642766"
"2026-07-16 15:00:00.255","000852","2026-06-30","600331","宏达股份","0.179000","600331.SH","sh","801030.SI","基础化工",,,"10.57","11.1","10.5","10.67","10.56","0.11","0.010416666666666666","49838524","539073393.95","0.05681818181818178","-0.014773776546629732","-0.08803418803418804","-0.03438914027149321","-0.2881921280853903","-0.19166666666666665","1784185229133567986","0.00186458333333333"
"2026-07-16 15:00:00.255","000852","2026-06-30","600335","国机汽车","0.029000","600335.SH","sh","801880.SI","汽车",,,"5.18","5.26","5.14","5.21","5.18","0.03","0.005791505791505791","9793953","50952384.71","0.02316602316602319","0.06326530612244897","0.04618473895582329","0.08541666666666667","-0.036968576709796676","-0.19598765432098764","1784185246736742856","0.000167953667953668"
"2026-07-16 15:00:00.255","000852","2026-06-30","600338","西藏珠峰","0.143000","600338.SH","sh","801050.SI","有色金属",,,"12.5","12.62","12.18","12.24","12.6","-0.36","-0.02857142857142857","32167962","398119673.16","0.034920634920635026","-0.08656716417910447","-0.18617021276595744","-0.1752021563342318","-0.3426423200859291","-0.20208604954367668","1784185234132515076","-0.00408571428571429"
"2026-07-16 15:00:00.255","000852","2026-06-30","600345","长江通信","0.111000","600345.SH","sh","801770.SI","通信",,,"53.22","54.63","51.12","51.65","56.49","-4.84","-0.08567888121791467","12251462","646725875.04","0.06213489113117362","-0.1312026913372582","-0.12279211956521739","-0.20976132190942473","0.04427820460978568","0.4387186629526463","1784185242956416460","-0.00951035581518853"
"2026-07-16 15:00:00.255","000852","2026-06-30","600353","旭光电子","0.233000","600353.SH","sh","801080.SI","电子",,,"35.14","36.58","33.44","33.44","37.15","-3.71","-0.09986541049798116","41913820","1462414804.47","0.08452220726783313","-0.18199608610567514","-0.24904558724455422","-0.303042934556065","0.40859309182813813","1.0120336943441637","1784185233002833281","-0.0232686406460296"
"2026-07-16 15:00:00.255","000852","2026-06-30","600361","创新新材","0.069000","600361.SH","sh","801050.SI","有色金属",,,"3.54","3.58","3.5","3.54","3.56","-0.02","-0.0056179775280898875","35909198","127162841.9","0.02247191011235957","0.03206997084548105","-0.027472527472527472","0.027874564459930314","-0.19981916817359854","-0.1353199804592086","1784185249638924658","-0.000387640449438202"
"2026-07-16 15:00:00.255","000852","2026-06-30","600366","宁波韵升","0.116000","600366.SH","sh","801050.SI","有色金属",,,"13.6","13.78","12.75","12.84","13.8","-0.96","-0.06956521739130433","56779062","749558422.59","0.07463768115942036","-0.15637319316688567","-0.23707664884135476","-0.08742004264392324","-0.01078582434514638","-0.06277372262773723","1784185229133462375","-0.0080695652173913"
"2026-07-16 15:00:00.255","000852","2026-06-30","600373","中文传媒","0.046000","600373.SH","sh","801760.SI","传媒",,,"7.12","7.32","7.05","7.27","7.12","0.15","0.021067415730337078","13281014","95807274.05","0.037921348314606806","0.08995502248875561","0.08023774145616643","0.07385524372230429","0.029745042492917848","-0.1904231625835189","1784185246736822246","0.000969101123595506"
"2026-07-16 15:00:00.255","000852","2026-06-30","600388","龙净环保","0.152000","600388.SH","sh","801970.SI","环保",,,"16.92","17.06","16.31","16.41","16.9","-0.49","-0.028994082840236687","14323500","237624108.8","0.044378698224852076","0.020522388059701496","0.05802707930367505","0.1140529531568228","-0.12805526036131776","0.05462724935732648","1784185249112660493","-0.00440710059171598"
"2026-07-16 15:00:00.255","000852","2026-06-30","600389","江山股份","0.069000","600389.SH","sh","","未映射","","","17.63","17.77","16.97","17.1","17.65","-0.55","-0.031161473087818702","10512182","181313293.84","0.04532577903682723","-0.06455142231947483","-0.1306558210472801","-0.13549039433771487","-0.3034623217922607","-0.3062880324543611","1784185241731569565","-0.00215014164305949"
"2026-07-16 15:00:00.255","000852","2026-06-30","600391","航发科技","0.079000","600391.SH","sh","801740.SI","国防军工",,,"27.6","29.58","27.4","28.26","28.19","0.07","0.0024831500532103584","13878194","399043004.3200","0.07733238737140828","-0.06701881809177947","-0.20439189189189186","-0.10427892234548336","-0.2551396942540854","-0.21390820584144646","1784185244258053164","0.000196168854203618"
"2026-07-16 15:00:00.255","000852","2026-06-30","600395","盘江股份","0.050000","600395.SH","sh","801950.SI","煤炭",,,"4.73","4.82","4.62","4.69","4.73","-0.04","-0.008456659619450316","29004033","135876541.78","0.04228329809725162","0.012958963282937365","-0.002127659574468085","0.006437768240343348","-0.14727272727272728","-0.002127659574468085","1784185204830258870","-0.000422832980972516"
"2026-07-16 15:00:00.255","000852","2026-06-30","600399","抚顺特钢","0.058000","600399.SH","sh","801040.SI","钢铁",,,"3.91","3.97","3.86","3.95","3.91","0.04","0.010230179028132991","33881113","133211423.22","0.02813299232736581","0.012820512820512822","-0.06839622641509434","-0.04589371980676329","-0.20362903225806453","-0.3236301369863014","1784185210339712735","0.000593350383631714"
"2026-07-16 15:00:00.255","000852","2026-06-30","600403","大有能源","0.026000","600403.SH","sh","801950.SI","煤炭",,,"5.63","6.06","5.22","5.25","5.63","-0.38","-0.0674955595026643","140138379","772003004.04","0.14920071047957384","0.10294117647058824","-0.016853932584269662","-0.04371584699453552","0.04581673306772909","-0.2584745762711865","1784185246736817706","-0.00175488454706927"
"2026-07-16 15:00:00.255","000852","2026-06-30","600409","三友化工","0.078000","600409.SH","sh","801030.SI","基础化工",,,"5.78","5.87","5.52","5.62","5.83","-0.21","-0.03602058319039451","43561253","248152228.76","0.06003430531732412","0.0017825311942959","-0.10793650793650794","-0.1484848484848485","-0.11216429699842022","-0.07717569786535304","1784185248093949408","-0.00280960548885077"
"2026-07-16 15:00:00.255","000852","2026-06-30","600416","湘电股份","0.104000","600416.SH","sh","801730.SI","电力设备",,,"8.56","8.93","8.45","8.77","8.57","0.20","0.023337222870478413","21807178","190296763.23","0.05600933488914824","-0.024471635150166853","-0.1185929648241206","-0.12212212212212212","-0.2944489139179405","-0.45561762880198636","1784185219057508580","0.00242707117852975"
"2026-07-16 15:00:00.255","000852","2026-06-30","600420","国药现代","0.055000","600420.SH","sh","","未映射","","","9.05","9.25","8.95","9.23","9.09","0.14","0.015401540154015403","16110300","147041064","0.03300330033003289","0.07827102803738317","0.034753363228699555","0.1863753213367609","0.06705202312138728","-0.061991869918699184","1784185208191503236","0.000847084708470847"
"2026-07-16 15:00:00.255","000852","2026-06-30","600422","昆药集团","0.042000","600422.SH","sh","801150.SI","医药生物",,,"8.73","9.3","8.7","9.24","8.84","0.40","0.04524886877828055","29995267","272738009.34","0.06787330316742078","0.13653136531365315","0.11729141475211609","0.2","0.0794392523364486","-0.2707182320441989","1784185233440900041","0.00190045248868778"
"2026-07-16 15:00:00.255","000852","2026-06-30","600428","中远海特","0.110000","600428.SH","sh","801170.SI","交通运输",,,"10.58","10.74","10.28","10.4","10.57","-0.17","-0.01608325449385052","91724256","961642376.48","0.04351939451277208","0.2729498164014688","0.20509849362688296","0.28553770086526575","0.3793103448275862","0.471004243281471","1784185219057506310","-0.00176915799432356"
"2026-07-16 15:00:00.255","000852","2026-06-30","600446","金证股份","0.078000","600446.SH","sh","801750.SI","计算机",,,"10.12","10.23","9.94","10.15","10.15","0.00","0.0","17276600","174798384","0.02857142857142866","-0.005876591576885405","-0.029636711281070743","-0.0087890625","-0.2547723935389134","-0.367601246105919","1784185204830330031","0"
"2026-07-16 15:00:00.255","000852","2026-06-30","600452","涪陵电力","0.088000","600452.SH","sh","801160.SI","公用事业",,,"9.13","9.16","8.99","9.06","9.13","-0.07","-0.007667031763417305","20186715","183390066.5","0.018619934282584877","0.020270270270270268","-0.06694129763130793","-0.02475780409041981","-0.31175934366453967","-0.03349690633667591","1784185223973831996","-0.000674698795180723"
"2026-07-16 15:00:00.255","000852","2026-06-30","600456","宝钛股份","0.080000","600456.SH","sh","","未映射","","","27.74","28.88","27.7","28.51","28.02","0.49","0.01748750892219843","9137898","259586497.09","0.04211277658815131","0.08033345964380448","0.015675097969362308","0.07992424242424243","-0.1305275998780116","-0.25425058854302907","1784185215219523876","0.00139900071377587"
"2026-07-16 15:00:00.255","000852","2026-06-30","600458","时代新材","0.095000","600458.SH","sh","801890.SI","机械设备",,,"11.5","11.54","10.94","11","11.59","-0.59","-0.05090595340811044","33451920","375342434.66","0.05176876617773955","-0.17849141150112025","-0.331306990881459","-0.29980903882877147","-0.13043478260869565","-0.18397626112759644","1784185228161588358","-0.00483606557377049"
"2026-07-16 15:00:00.255","000852","2026-06-30","600459","贵研铂业","0.146000","600459.SH","sh","801050.SI","有色金属",,,"19.3","19.69","18.65","18.72","19.55","-0.83","-0.04245524296675191","25843995","494409504.17","0.053196930946291514","-0.14207149404216315","-0.25120000000000003","-0.33404482390608325","-0.14915278888808087","0.0009838730376010608","1784185246736817386","-0.00619846547314578"
"2026-07-16 15:00:00.255","000852","2026-06-30","600461","洪城环境","0.072000","600461.SH","sh","801970.SI","环保",,,"9.46","9.46","9.17","9.26","9.44","-0.18","-0.019067796610169493","12059675","111904013.98","0.030720338983050946","0.026607538802660754","0.03811659192825113","0.10951353942008148","-0.0027999138488046522","0.08101797805276674","1784185234132480725","-0.0013728813559322"
"2026-07-16 15:00:00.255","000852","2026-06-30","600475","华光环能","0.060000","600475.SH","sh","801160.SI","公用事业",,,"13.3","13.32","12.92","12.97","13.29","-0.32","-0.024078254326561327","6304760","82437728.76","0.03009781790820168","-0.023343373493975906","-0.10859106529209622","-0.12601078167115903","-0.14950819672131146","-0.28657865786578657","1784185205570677477","-0.00144469525959368"
"2026-07-16 15:00:00.255","000852","2026-06-30","600478","科力远","0.069000","600478.SH","sh","801730.SI","电力设备",,,"4.66","4.74","4.6","4.66","4.68","-0.02","-0.004273504273504274","19866372","92927611.24","0.029914529914529846","-0.004273504273504274","-0.08086785009861933","-0.0790513833992095","-0.2398042414355628","-0.3294964028776978","1784185223973786666","-0.000294871794871795"
"2026-07-16 15:00:00.255","000852","2026-06-30","600480","凌云股份","0.063000","600480.SH","sh","","未映射","","","8.35","8.56","8.3","8.5","8.39","0.11","0.013110846245530392","13118041","111047202.63","0.030989272943980902","-0.011627906976744188","-0.07608695652173914","0.04679802955665025","-0.2328519855595668","-0.27474402730375425","1784185204830288180","0.000825983313468415"
"2026-07-16 15:00:00.255","000852","2026-06-30","600490","鹏欣资源","0.092000","600490.SH","sh","801050.SI","有色金属",,,"5.83","6.38","5.8","6.2","5.88","0.32","0.054421768707483","62267678","383582147.06","0.09863945578231294","0.05802047781569966","-0.012738853503184712","0.04412260020208825","-0.1753125831338122","-0.212998222899213","1784185217249844840","0.00500680272108844"
"2026-07-16 15:00:00.255","000852","2026-06-30","600502","安徽建工","0.054000","600502.SH","sh","801720.SI","建筑装饰",,,"4.68","4.74","4.56","4.59","4.68","-0.09","-0.019230769230769232","26415820","122093543.34","0.0384615384615384","0.03146067415730337","0.022271714922048998","0.043181818181818175","-0.006493506493506493","0.08","1784185228161528867","-0.00103846153846154"
"2026-07-16 15:00:00.255","000852","2026-06-30","600507","方大特钢","0.058000","600507.SH","sh","801040.SI","钢铁",,,"4.39","4.4","4.22","4.32","4.37","-0.05","-0.011441647597254004","28511176","122331600.31","0.041189931350114554","0.08816120906801006","0.04854368932038835","0.09090909090909091","-0.004608294930875576","-0.22021660649819494","1784185217249832210","-0.000663615560640732"
"2026-07-16 15:00:00.255","000852","2026-06-30","600508","上海能源","0.031000","600508.SH","sh","801950.SI","煤炭",,,"8.53","8.56","8.3","8.41","8.53","-0.12","-0.01406799531066823","7611791","63896405.28","0.03048065650644781","0.047322540473225407","0.036991368680641186","0.13648648648648648","0.2791867142635418","0.4489803094233473","1784185248093970028","-0.000436107854630715"
"2026-07-16 15:00:00.255","000852","2026-06-30","600509","天富能源","0.083000","600509.SH","sh","801160.SI","公用事业",,,"7.33","7.34","7.2","7.28","7.32","-0.04","-0.00546448087431694","19477118","141564628.55","0.019125683060109245","-0.016216216216216214","-0.1143552311435523","-0.12077294685990339","-0.23944839114082742","-0.11457066407200195","1784185248093955088","-0.000453551912568306"
"2026-07-16 15:00:00.255","000852","2026-06-30","600528","中铁工业","0.075000","600528.SH","sh","801890.SI","机械设备",,,"7.05","7.1","6.96","7.05","7.05","0.00","0.0","10811804","76067545.62","0.019858156028368875","0.050670640834575266","0.02769679300291545","0.05223880597014925","-0.04341926729986432","-0.1391941391941392","1784185233440973521","0"
"2026-07-16 15:00:00.255","000852","2026-06-30","600529","山东药玻","0.126000","600529.SH","sh","801150.SI","医药生物",,,"18.9","19.09","18.65","18.99","18.87","0.12","0.006359300476947535","13588322","257105986.02","0.023317435082140844","0.040547945205479455","0.017684887459807074","0.05911879531511434","0.048591938155715074","-0.048597194388777555","1784185208191514956","0.000801271860095389"
"2026-07-16 15:00:00.255","000852","2026-06-30","600531","豫光金铅","0.128000","600531.SH","sh","801050.SI","有色金属",,,"11.81","12.18","11.68","11.72","12.06","-0.34","-0.028192371475953566","41278803","491232275.03","0.04145936981757877","-0.13249444855662473","-0.2199667221297837","-0.25421571746738786","-0.12439297721329848","-0.05292929292929293","1784185245122013739","-0.00360862354892206"
"2026-07-16 15:00:00.255","000852","2026-06-30","600550","保变电气","0.111000","600550.SH","sh","801730.SI","电力设备",,,"10.3","10.46","10.14","10.19","10.3","-0.11","-0.010679611650485437","21815820","224168668.8","0.03106796116504857","-0.0431924882629108","-0.11927398444252375","-0.12155172413793103","-0.24125093075204768","-0.060829493087557605","1784185246736764566","-0.00118543689320388"
"2026-07-16 15:00:00.255","000852","2026-06-30","600552","凯盛科技","0.253000","600552.SH","sh","801080.SI","电子",,,"18.55","18.96","17.47","17.62","18.88","-1.26","-0.06673728813559322","75191879","1367841256.38","0.07891949152542384","-0.24474924989284186","-0.3060259944860181","-0.4047297297297297","-0.07360672975814932","0.46224066390041496","1784185249112684683","-0.0168845338983051"
"2026-07-16 15:00:00.255","000852","2026-06-30","600556","天下秀","0.057000","600556.SH","sh","801760.SI","传媒",,,"4.23","4.39","4.16","4.34","4.24","0.10","0.02358490566037736","52583851","226806985.3","0.054245283018867815","0.021176470588235293","-0.013636363636363634","-0.00904192163667915","-0.15721609445393817","-0.3492863140218304","1784185205570856728","0.00134433962264151"
"2026-07-16 15:00:00.255","000852","2026-06-30","600557","康缘药业","0.041000","600557.SH","sh","801150.SI","医药生物",,,"13.03","13.77","12.95","13.63","13.28","0.35","0.026355421686746986","20537892","275650519.4500","0.06174698795180711","0.1199671322925226","0.07154088050314465","0.25390984360625574","0.0774703557312253","-0.06","1784185231743339900","0.00108057228915663"
"2026-07-16 15:00:00.255","000852","2026-06-30","600559","老白干酒","0.084000","600559.SH","sh","801120.SI","食品饮料",,,"11.76","12.06","11.65","11.99","11.76","0.23","0.0195578231292517","19701740","234398359.44","0.0348639455782313","0.09899175068744272","0.04442508710801393","0.049912434325744305","-0.00990916597853014","-0.23727735368956743","1784185208191482706","0.00164285714285714"
"2026-07-16 15:00:00.255","000852","2026-06-30","600572","康恩贝","0.071000","600572.SH","sh","801150.SI","医药生物",,,"4.3500","4.46","4.3","4.41","4.36","0.05","0.011467889908256881","87425133","383469183.98","0.03669724770642205","0.08353808353808354","0.08088235294117647","0.1365979381443299","0.14248704663212436","0.052505966587112166","1784185249638865398","0.000814220183486239"
"2026-07-16 15:00:00.255","000852","2026-06-30","600575","淮河能源","0.047000","600575.SH","sh","801950.SI","煤炭",,,"3.18","3.2","3.12","3.15","3.18","-0.03","-0.009433962264150943","45621898","143646311.1","0.025157232704402538","0.0","0.016129032258064516","-0.045454545454545456","-0.1622340425531915","0.03278688524590164","1784185205570797978","-0.000443396226415094"
"2026-07-16 15:00:00.255","000852","2026-06-30","600577","精达股份","0.216000","600577.SH","sh","801730.SI","电力设备",,,"7.87","7.99","7.67","7.69","7.9","-0.21","-0.026582278481012658","50344962","393718196.05","0.040506329113924086","-0.10995370370370369","-0.2063983488132095","-0.19307450157397693","-0.4573041637261821","-0.4111791730474732","1784185233440915371","-0.00574177215189873"
"2026-07-16 15:00:00.255","000852","2026-06-30","600587","新华医疗","0.059000","600587.SH","sh","801150.SI","医药生物",,,"12.66","13.24","12.6","13.15","12.72","0.43","0.03380503144654088","16094939","209317048.77","0.050314465408805076","0.10411418975650713","0.05877616747181964","0.15350877192982457","0.006891271056661562","-0.1592071611253197","1784185210339693845","0.00199449685534591"
"2026-07-16 15:00:00.255","000852","2026-06-30","600596","新安股份","0.155000","600596.SH","sh","801030.SI","基础化工",,,"11.54","11.6","10.82","10.94","11.67","-0.73","-0.06255355612682091","48899184","545853035.37","0.06683804627249351","-0.18479880774962743","-0.17744360902255638","-0.3853932584269663","-0.11201298701298701","-0.04119193689745837","1784185233440970651","-0.00969580119965724"
"2026-07-16 15:00:00.255","000852","2026-06-30","600597","光明乳业","0.043000","600597.SH","sh","801120.SI","食品饮料",,,"6.78","6.91","6.75","6.89","6.78","0.11","0.016224188790560472","13388247","91705419.95","0.02359882005899707","0.09538950715421303","0.08846761453396525","0.1185064935064935","0.011747430249632894","-0.15252152521525214","1784185219057539930","0.0006976401179941"
"2026-07-16 15:00:00.255","000852","2026-06-30","600612","老凤祥","0.042000","600612.SH","sh","801130.SI","纺织服饰",,,"34.42","35.4","34.12","35.37","34.42","0.95","0.027600232423009876","2398358","84065255.86","0.0371876815804765","0.08897783251231528","0.07802499238037183","0.14391979301423027","0.03724340175953079","-0.18633540372670807","1784185233002966842","0.00115920976176641"
"2026-07-16 15:00:00.255","000852","2026-06-30","600618","氯碱化工","0.023000","600618.SH","sh","801030.SI","基础化工",,,"9.97","9.97","9.78","9.82","9.98","-0.16","-0.01603206412825651","5753853","56662774.99","0.019038076152304736","-0.022885572139303482","-0.058485139022051776","-0.03346456692913386","-0.0683111954459203","-0.18030050083472454","1784185235281977216","-0.0003687374749499"
"2026-07-16 15:00:00.255","000852","2026-06-30","600619","海立股份","0.090000","600619.SH","sh","801110.SI","家用电器",,,"12.91","13.28","12.89","13.13","13.1","0.03","0.0022900763358778627","15125877","198195065.84","0.029770992366412258","-0.019417475728155338","-0.09945130315500686","-0.1304635761589404","-0.19319159395354554","-0.38136072370900864","1784185221829502881","0.000206106870229008"
"2026-07-16 15:00:00.255","000852","2026-06-30","600621","华鑫股份","0.070000","600621.SH","sh","801790.SI","非银金融",,,"13.9","13.94","13.64","13.81","14.06","-0.25","-0.01778093883357041","16009861","220738609.48","0.021337126600284417","0.004363636363636364","0.04542013626040878","0.07220496894409938","0.05419847328244275","-0.1049902786779002","1784185249112698653","-0.00124466571834993"
"2026-07-16 15:00:00.255","000852","2026-06-30","600623","华谊集团","0.062000","600623.SH","sh","801030.SI","基础化工",,,"8.05","8.12","7.83","7.87","8.11","-0.24","-0.029593094944512947","25498791","202806353.5","0.03575832305795326","-0.030788177339901482","-0.07629107981220658","0.024739583333333336","-0.10262257696693274","0.00639386189258312","1784185205570763118","-0.0018347718865598"
"2026-07-16 15:00:00.255","000852","2026-06-30","600629","华建集团","0.071000","600629.SH","sh","801720.SI","建筑装饰",,,"13.62","14.07","13.24","13.57","13.75","-0.18","-0.01309090909090909","31411932","430565577.92","0.06036363636363637","0.17083692838654013","0.09789644012944984","0.12056151940545004","0.11031057876973079","-0.10278520069423401","1784185215219560616","-0.000929454545454545"
"2026-07-16 15:00:00.255","000852","2026-06-30","600633","浙数文化","0.079000","600633.SH","sh","801760.SI","传媒",,,"10.43","10.63","10.31","10.56","10.39","0.17","0.016361886429258902","26867270","282336000.34","0.030798845043310902","0.03024390243902439","0.02127659574468085","0.05600000000000001","-0.12655086848635236","-0.17821011673151751","1784185219057559111","0.00129258902791145"
"2026-07-16 15:00:00.255","000852","2026-06-30","600635","大众公用","0.085000","600635.SH","sh","801160.SI","公用事业",,,"4.39","4.49","4.32","4.47","4.4","0.07","0.01590909090909091","49150952","217592083.47","0.038636363636363615","0.04683840749414521","-0.015418502202643174","0.05176470588235294","-0.18281535648994515","-0.31859756097560976","1784185245122742235","0.00135227272727273"
"2026-07-16 15:00:00.255","000852","2026-06-30","600639","浦东金桥","0.032000","600639.SH","sh","801180.SI","房地产",,,"9.76","9.9","9.7","9.9","9.75","0.15","0.015384615384615384","6174500","60672355","0.02051282051282044","0.06566200215285253","0.04984093319194061","0.05095541401273885","0.01642710472279261","-0.04807692307692307","1784185204830327121","0.000492307692307692"
"2026-07-16 15:00:00.255","000852","2026-06-30","600640","国脉文化","0.032000","600640.SH","sh","801760.SI","传媒",,,"10.2","10.45","10.09","10.33","10.22","0.11","0.010763209393346379","7133432","73699794.52","0.03522504892367918","0.01673228346456693","0.01773399014778325","0.05515832482124618","-0.11482433590402742","-0.19107282693813626","1784185245889404976","0.000344422700587084"
"2026-07-16 15:00:00.255","000852","2026-06-30","600641","先导基电","0.271000","600641.SH","sh","801180.SI","房地产",,,"38","39.18","35.73","35.73","39.7","-3.97","-0.09999999999999999","69261824","2576967528.81","0.08690176322418125","-0.17368177613320998","-0.2479478004630604","-0.06612650287506534","0.2760714285714286","0.9471389645776566","1784185223973681434","-0.0271"
"2026-07-16 15:00:00.255","000852","2026-06-30","600643","爱建集团","0.030000","600643.SH","sh","801790.SI","非银金融",,,"3.96","4.0200","3.9","3.97","3.98","-0.01","-0.002512562814070352","14332895","56902131.01","0.03015075376884436","0.04199475065616798","0.02849740932642487","0.044736842105263165","-0.07025761124121781","-0.2768670309653916","1784185244258091074","-7.53768844221106E-05"
"2026-07-16 15:00:00.255","000852","2026-06-30","600645","中源协和","0.066000","600645.SH","sh","801150.SI","医药生物",,,"18.89","19.37","18.46","19.1","18.94","0.16","0.008447729672650475","15429770","293365181.25","0.048046462513199585","0.0821529745042493","0.029649595687331536","0.14097968936678615","-0.03875188726723704","-0.2857142857142857","1784185244258038993","0.000557550158394931"
"2026-07-16 15:00:00.255","000852","2026-06-30","600649","城投控股","0.044000","600649.SH","sh","801180.SI","房地产",,,"3.66","3.71","3.62","3.69","3.65","0.04","0.010958904109589041","21609001","79364133.69","0.024657534246575304","0.06340057636887608","0.0423728813559322","0.07267441860465117","-0.021220159151193633","-0.1707865168539326","1784185221829543591","0.000482191780821918"
"2026-07-16 15:00:00.255","000852","2026-06-30","600651","飞乐音响","0.058000","600651.SH","sh","801880.SI","汽车",,,"5.39","5.54","5.33","5.5","5.4","0.1","0.018518518518518517","18869499","103174395.58","0.03888888888888888","0.005484460694698354","-0.012567324955116697","0.009174311926605505","-0.12559618441971385","-0.24657534246575344","1784185231743350341","0.00107407407407407"
"2026-07-16 15:00:00.255","000852","2026-06-30","600654","中安科","0.047000","600654.SH","sh","801750.SI","计算机",,,"2.62","2.72","2.59","2.67","2.65","0.02","0.007547169811320755","59389438","158627642.94","0.049056603773585034","0.026923076923076925","-0.01838235294117647","0.022988505747126436","-0.21700879765395895","-0.31007751937984496","1784185245122059910","0.000354716981132075"
"2026-07-16 15:00:00.255","000852","2026-06-30","600657","信达地产","0.020000","600657.SH","sh","801180.SI","房地产",,,"2.48","2.55","2.44","2.5","2.48","0.02","0.008064516129032258","27752817","69514970.57","0.044354838709677546","0.07758620689655173","0.05932203389830509","0.05042016806722689","-0.1039426523297491","-0.28774928774928776","1784185244258039753","0.000161290322580645"
"2026-07-16 15:00:00.255","000852","2026-06-30","600662","外服控股","0.028000","600662.SH","sh","801210.SI","社会服务",,,"4.29","4.32","4.22","4.29","4.24","0.05","0.01179245283018868","12838834","54919209.86","0.02358490566037748","0.05405405405405405","0.036231884057971016","0.06982543640897756","-0.03811659192825113","-0.1488095238095238","1784185242956419010","0.000330188679245283"
"2026-07-16 15:00:00.255","000852","2026-06-30","600664","哈药股份","0.046000","600664.SH","sh","801150.SI","医药生物",,,"4.94","4.94","4.81","4.94","4.49","0.45","0.10022271714922049","296786688","1464972728.17","0.028953229398663672","0.6143790849673202","0.5732484076433121","0.6860068259385664","0.5107033639143731","0.40740740740740744","1784185245889491767","0.00461024498886414"
"2026-07-16 15:00:00.255","000852","2026-06-30","600667","太极实业","0.438000","600667.SH","sh","801720.SI","建筑装饰",,,"19.99","20.55","18.73","18.73","20.81","-2.08","-0.0999519461797213","237272909","4660979889.6","0.08745795290725615","-0.28701941377997714","-0.3748331108144192","-0.2998130841121495","0.3874074074074074","1.2925336597307222","1784185242956395800","-0.0437789524267179"
"2026-07-16 15:00:00.255","000852","2026-06-30","600675","中华企业","0.038000","600675.SH","sh","801180.SI","房地产",,,"2.23","2.25","2.17","2.24","2.2","0.04","0.01818181818181818","30002517","66719002.65","0.03636363636363639","0.07177033492822966","0.056603773584905655","0.06161137440758294","-0.04273504273504274","-0.18545454545454546","1784185205570673667","0.000690909090909091"
"2026-07-16 15:00:00.255","000852","2026-06-30","600682","南京新百","0.036000","600682.SH","sh","801230.SI","综合",,,"5.6","5.74","5.48","5.7","5.61","0.09","0.0160427807486631","18726751","105515922.44","0.046345811051693366","0.08159392789373815","0.05555555555555555","0.08365019011406845","0.030741410488245934","-0.3617021276595745","1784185205570748247","0.000577540106951872"
"2026-07-16 15:00:00.255","000852","2026-06-30","600686","金龙汽车","0.050000","600686.SH","sh","801880.SI","汽车",,,"10.73","10.99","10.43","10.78","10.72","0.06","0.005597014925373134","20228687","217487959.94","0.0522388059701493","-0.024434389140271493","-0.10761589403973511","-0.044326241134751775","-0.20501474926253685","-0.3662551440329218","1784185244258564708","0.000279850746268657"
"2026-07-16 15:00:00.255","000852","2026-06-30","600710","苏美达","0.051000","600710.SH","sh","801200.SI","商贸零售",,,"10.31","10.5","10.2","10.35","10.23","0.12","0.011730205278592374","13666900","141769268.51","0.029325513196480833","0.04334677419354838","0.007789678675754625","0.07253886010362694","-0.02816901408450704","0.04124748490945674","1784185245889484667","0.000598240469208211"
"2026-07-16 15:00:00.255","000852","2026-06-30","600717","天津港","0.058000","600717.SH","sh","801170.SI","交通运输",,,"4.29","4.32","4.22","4.26","4.28","-0.02","-0.004672897196261682","17843455","75943173.93","0.023364485981308535","0.065","0.049261083743842374","0.065","0.012838801711840226","-0.006066262249183388","1784185231743318470","-0.000271028037383178"
"2026-07-16 15:00:00.255","000852","2026-06-30","600718","东软集团","0.071000","600718.SH","sh","801750.SI","计算机",,,"7.74","7.97","7.66","7.89","7.75","0.14","0.01806451612903226","15673432","123164810.56","0.03999999999999995","0.07639836289222375","0.07493188010899184","0.09279778393351801","-0.0424757281553398","-0.22571148184494602","1784185242956305259","0.00128258064516129"
"2026-07-16 15:00:00.255","000852","2026-06-30","600726","华电能源","0.082000","600726.SH","sh","801160.SI","公用事业",,,"5.82","5.95","5.51","5.55","5.93","-0.38","-0.06408094435075885","101204802","576959423.62","0.07419898819561559","-0.08415841584158416","-0.13685847589424574","-0.2280945757997218","-0.39739413680781754","1.3221757322175731","1784185242956397420","-0.00525463743676223"
"2026-07-16 15:00:00.255","000852","2026-06-30","600728","佳都科技","0.093000","600728.SH","sh","801750.SI","计算机",,,"4.3","4.39","4.22","4.32","4.26","0.06","0.014084507042253521","39655514","171580418.22","0.03990610328638496","0.033492822966507185","0.009345794392523364","0.025251566356559712","-0.12790697674418605","-0.35653002859866545","1784185208191502246","0.00130985915492958"
"2026-07-16 15:00:00.255","000852","2026-06-30","600729","重百集团","0.042000","600729.SH","sh","801200.SI","商贸零售",,,"19.93","20.23","19.83","20.1","19.84","0.26","0.01310483870967742","4524700","90746578","0.020161290322580575","0.0452418096723869","0.03129810159055926","0.07717041800643086","0.06124604012671594","-0.22277087981563043","1784185210339707125","0.000550403225806452"
"2026-07-16 15:00:00.255","000852","2026-06-30","600739","辽宁成大","0.095000","600739.SH","sh","801150.SI","医药生物",,,"10.95","10.98","10.77","10.89","10.95","-0.06","-0.005479452054794521","22362440","243308995.4","0.0191780821917809","0.08250497017892644","0.052173913043478265","0.08574277168494517","0.013966480446927373","-0.04890829694323145","1784185210339737135","-0.000520547945205479"
"2026-07-16 15:00:00.255","000852","2026-06-30","600740","山西焦化","0.042000","600740.SH","sh","801950.SI","煤炭",,,"3.56","3.6","3.44","3.5","3.57","-0.07","-0.019607843137254905","30098267","105153903.85","0.04481792717086838","0.06382978723404255","0.05421686746987952","0.08695652173913043","-0.06666666666666667","-0.06166219839142092","1784185241731609985","-0.000823529411764706"
"2026-07-16 15:00:00.255","000852","2026-06-30","600744","华银电力","0.067000","600744.SH","sh","801160.SI","公用事业",,,"5.46","5.57","5.4","5.42","5.5","-0.08","-0.014545454545454545","47976136","262808495.91","0.030909090909090896","-0.012750455373406194","-0.14645669291338584","-0.14645669291338584","-0.3812785388127854","-0.09515859766277128","1784185245122792696","-0.000974545454545455"
"2026-07-16 15:00:00.255","000852","2026-06-30","600746","江苏索普","0.019000","600746.SH","sh","801030.SI","基础化工",,,"6.23","6.43","5.92","6.12","6.31","-0.19","-0.030110935023771792","49051029","297989811.3","0.08082408874801898","0.18146718146718147","0.125","0.1634980988593156","-0.06422018348623854","-0.11815561959654178","1784185245889416956","-0.000572107765451664"
"2026-07-16 15:00:00.255","000852","2026-06-30","600750","华润江中","0.086000","600750.SH","sh","801150.SI","医药生物",,,"25.29","26.27","25.17","26.14","25.43","0.71","0.02791977978765238","6503430","167991011.14","0.04325599685410924","0.1029535864978903","0.12140712140712141","0.16592328278322926","0.19088838268792713","0.22492970946579194","1784185244258081714","0.0024011010617381"
"2026-07-16 15:00:00.255","000852","2026-06-30","600751","海航科技","0.046000","600751.SH","sh","801170.SI","交通运输",,,"2.89","2.96","2.82","2.9","2.87","0.03","0.010452961672473867","34671284","100807483.45","0.04878048780487809","0.03942652329749104","-0.02027027027027027","-0.003436426116838488","-0.1196114146933819","-0.2295430393198725","1784185231743328830","0.000480836236933798"
"2026-07-16 15:00:00.255","000852","2026-06-30","600757","长江传媒","0.046000","600757.SH","sh","801760.SI","传媒",,,"7.69","7.83","7.63","7.77","7.7","0.07","0.009090909090909092","9766400","75539134.8","0.025974025974025997","0.052845528455284556","0.06292749658002737","0.052845528455284556","0.1163793103448276","-0.04192355117139335","1784185205570768488","0.000418181818181818"
"2026-07-16 15:00:00.255","000852","2026-06-30","600761","安徽合力","0.105000","600761.SH","sh","801890.SI","机械设备",,,"16.79","16.93","16.5","16.77","16.83","-0.06","-0.0035650623885918006","10817531","181203608.11","0.025549613784907884","0.04161490683229813","-0.031195840554592725","0.02631578947368421","0.0041916167664670665","-0.17144268774703558","1784185244258562548","-0.000374331550802139"
"2026-07-16 15:00:00.255","000852","2026-06-30","600771","广誉远","0.065000","600771.SH","sh","801150.SI","医药生物",,,"15.2","16.03","15.04","15.81","15.3","0.51","0.03333333333333333","19065523","297607664.5","0.06470588235294118","0.14898255813953487","0.11889596602972398","0.24390243902439024","0.07331975560081466","-0.12748344370860926","1784185249112648543","0.00216666666666667"
"2026-07-16 15:00:00.255","000852","2026-06-30","600773","西藏城投","0.075000","600773.SH","sh","801180.SI","房地产",,,"11.08","11.28","10.89","11.01","11.12","-0.11","-0.009892086330935253","21396585","237073210.3","0.03507194244604305","-0.17897091722595077","-0.14849187935034802","-0.14584949573312644","-0.3923841059602649","-0.12270916334661354","1784185242956306279","-0.000741906474820144"
"2026-07-16 15:00:00.255","000852","2026-06-30","600776","东方通信","0.064000","600776.SH","sh","801770.SI","通信",,,"12.08","12.37","11.86","12.18","12.24","-0.06","-0.004901960784313725","14340281","174362785.57","0.041666666666666796","-0.0256","-0.061633281972265024","-0.09104477611940298","-0.21772639691714837","-0.32892561983471075","1784185249638769457","-0.000313725490196078"
"2026-07-16 15:00:00.255","000852","2026-06-30","600782","新钢股份","0.049000","600782.SH","sh","","未映射","","","2.77","2.86","2.75","2.84","2.77","0.07","0.025270758122743684","59029170","165784992.2","0.039711191335740026","0.12252964426877472","0.10505836575875488","0.14516129032258063","0.12698412698412698","-0.20448179271708683","1784185235281969856","0.00123826714801444"
"2026-07-16 15:00:00.255","000852","2026-06-30","600783","鲁信创投","0.061000","600783.SH","sh","801890.SI","机械设备",,,"15.65","15.98","15.4","15.63","15.87","-0.24","-0.015122873345935728","11554150","181584537.32","0.036546943919344675","-0.19308208569953536","-0.29847396768402157","-0.2106060606060606","-0.29784366576819404","-0.2937189335743335","1784185233440951931","-0.000922495274102079"
"2026-07-16 15:00:00.255","000852","2026-06-30","600787","中储股份","0.056000","600787.SH","sh","801170.SI","交通运输",,,"4.59","4.64","4.55","4.58","4.59","-0.01","-0.002178649237472767","18131000","83112340","0.01960784313725487","0.057736720554272515","0.05045871559633027","0.1036144578313253","0.019136626613262125","-0.15560471976401177","1784185237447645993","-0.000122004357298475"
"2026-07-16 15:00:00.255","000852","2026-06-30","600789","鲁抗医药","0.051000","600789.SH","sh","801150.SI","医药生物",,,"7.3","7.51","7.27","7.47","7.34","0.13","0.017711171662125342","38892305","288594916.12","0.03269754768392361","0.11326378539493294","0.08104196816208394","0.103397341211226","-0.03488372093023256","-0.18271334792122537","1784185205570846259","0.000903269754768392"
"2026-07-16 15:00:00.255","000852","2026-06-30","600812","华北制药","0.038000","600812.SH","sh","801150.SI","医药生物",,,"4.93","5.08","4.87","5.07","4.97","0.10","0.020120724346076462","42269899","211157580.05","0.042253521126760556","0.12416851441241687","0.10457516339869281","0.20714285714285713","0.14965986394557823","-0.07985480943738657","1784185215219503836","0.000764587525150906"
"2026-07-16 15:00:00.255","000852","2026-06-30","600821","金开新能","0.101000","600821.SH","sh","801160.SI","公用事业",,,"5.91","6.02","5.85","5.87","6","-0.13","-0.021666666666666667","63269072","374592926.9","0.02833333333333332","0.05765765765765766","-0.028145695364238412","-0.07849293563579278","-0.28151774785801714","0.14202334630350194","1784185249112681023","-0.00218833333333333"
"2026-07-16 15:00:00.255","000852","2026-06-30","600827","百联股份","0.061000","600827.SH","sh","801200.SI","商贸零售",,,"7.85","7.89","7.67","7.83","7.85","-0.02","-0.002547770700636943","19572700","152327421","0.02802547770700645","0.04819277108433735","0.049597855227882036","0.05241935483870968","-0.0076045627376425855","-0.1162528216704289","1784185228161538108","-0.000155414012738854"
"2026-07-16 15:00:00.255","000852","2026-06-30","600835","上海机电","0.068000","600835.SH","sh","801890.SI","机械设备",,,"20.05","20.43","20.05","20.28","20.22","0.06","0.002967359050445104","4039288","81965298.36","0.018793273986152277","-0.061545580749652946","-0.07100320659642695","-0.012177301509985387","-0.10265486725663715","-0.3057172201300924","1784185225772581515","0.000201780415430267"
"2026-07-16 15:00:00.255","000852","2026-06-30","600850","电科数字","0.073000","600850.SH","sh","801750.SI","计算机",,,"14.44","14.87","14.4","14.76","14.59","0.17","0.011651816312542838","8845896","129984216.41","0.03221384509938318","-0.015343562374916611","-0.013368983957219251","0.014432989690721649","-0.11247703357274093","-0.2700597568514321","1784185244258546087","0.000850582590815627"
"2026-07-16 15:00:00.255","000852","2026-06-30","600859","王府井","0.074000","600859.SH","sh","801200.SI","商贸零售",,,"9.77","10.06","9.72","10","9.82","0.18","0.018329938900203666","21230878","210487687.73","0.03462321792260691","0.07758620689655173","0.05485232067510548","0.07874865156418555","-0.06191369606003753","-0.3333333333333333","1784185233440889361","0.00135641547861507"
"2026-07-16 15:00:00.255","000852","2026-06-30","600864","哈投股份","0.066000","600864.SH","sh","801790.SI","非银金融",,,"5.34","5.44","5.27","5.41","5.36","0.05","0.009328358208955223","31114617","166779370.3","0.03171641791044775","0.02462121212121212","0.0018518518518518517","0.04038461538461538","-0.01636363636363636","-0.1949404761904762","1784185245889456956","0.000615671641791045"
"2026-07-16 15:00:00.255","000852","2026-06-30","600866","星湖科技","0.045000","600866.SH","sh","801030.SI","基础化工",,,"4.95","5.06","4.87","5.04","4.87","0.17","0.034907597535934295","32173061","160236243.18","0.03901437371663252","0.11258278145695363","0.07922912205567452","0.14545454545454545","-0.017543859649122806","-0.27586206896551724","1784185215219536646","0.00157084188911704"
"2026-07-16 15:00:00.255","000852","2026-06-30","600867","通化东宝","0.097000","600867.SH","sh","","未映射","","","8.45","8.68","8.34","8.58","8.6","-0.02","-0.002325581395348837","50310882","429354206.8900","0.03953488372093022","0.07788944723618091","0.04252733900364519","0.1547779273216689","0.13793103448275862","0.10282776349614396","1784185205570669437","-0.000225581395348837"
"2026-07-16 15:00:00.255","000852","2026-06-30","600869","远东股份","0.457000","600869.SH","sh","801730.SI","电力设备",,,"20.19","20.49","18.73","18.95","20.43","-1.48","-0.07244248653940284","91135276","1784353692.73","0.08614782183064129","-0.17894280762564993","-0.33368495077355836","-0.4523121387283237","-0.13470319634703198","1.3109756097560976","1784185237447693534","-0.0331062163485071"
"2026-07-16 15:00:00.255","000852","2026-06-30","600872","中炬高新","0.110000","600872.SH","sh","801120.SI","食品饮料",,,"18.68","18.88","18.38","18.73","18.74","-0.01","-0.0005336179295624333","17207781","320540246.53","0.026680896478121663","0.06784492588369441","0.02070844686648501","0.1289933694996986","-0.0010666666666666667","0.07829591249280368","1784185228161523527","-5.86979722518677E-05"
"2026-07-16 15:00:00.255","000852","2026-06-30","600877","电科芯片","0.125000","600877.SH","sh","801080.SI","电子",,,"13.68","14.21","13.27","13.34","13.8","-0.46","-0.03333333333333333","28043526","384721143.12","0.06811594202898559","-0.21988304093567249","-0.2035820895522388","-0.20119760479041918","-0.15355329949238578","-0.23200921128382268","1784185242956412170","-0.00416666666666667"
"2026-07-16 15:00:00.255","000852","2026-06-30","600882","妙可蓝多","0.042000","600882.SH","sh","801120.SI","食品饮料",,,"20.26","22.42","20.25","22.11","20.52","1.59","0.07748538011695907","22439005","486102158.36","0.10575048732943479","0.12633723892002038","0.30905861456483125","0.3631319358816276","0.1944894651539708","-0.11133440514469455","1784185210339712145","0.00325438596491228"
"2026-07-16 15:00:00.255","000852","2026-06-30","600888","新疆众和","0.152000","600888.SH","sh","801050.SI","有色金属",,,"10.71","11","10.32","10.4","10.81","-0.41","-0.03792784458834412","47502312","504354119.4","0.06290471785383901","-0.14543960558751026","-0.2676056338028169","-0.3548387096774193","-0.11789652247667515","0.29032258064516125","1784185217249831910","-0.00576503237742831"
"2026-07-16 15:00:00.255","000852","2026-06-30","600908","无锡银行","0.080000","600908.SH","sh","801780.SI","银行",,,"5.45","5.52","5.37","5.43","5.45","-0.02","-0.0036697247706422016","16999279","92324963.81","0.027522935779816578","0.04826254826254826","0.06262230919765166","0.07738095238095238","0.03625954198473282","-0.06379310344827586","1784185223973823506","-0.000293577981651376"
"2026-07-16 15:00:00.255","000852","2026-06-30","600916","中国黄金","0.059000","600916.SH","sh","801130.SI","纺织服饰",,,"7.15","7.29","7.1","7.23","7.16","0.07","0.009776536312849162","28076700","202457319","0.02653631284916194","0.029914529914529916","-0.02032520325203252","0.04934687953555879","-0.05292114225831805","-0.08062054933875891","1784185221829563931","0.000576815642458101"
"2026-07-16 15:00:00.255","000852","2026-06-30","600928","西安银行","0.045000","600928.SH","sh","801780.SI","银行",,,"3.6","3.64","3.54","3.57","3.6","-0.03","-0.008333333333333333","21462080","76641541.6","0.0277777777777778","0.05621301775147929","0.0688622754491018","0.09846153846153846","0.0688622754491018","-0.013812154696132598","1784185205570762578","-0.000375"
"2026-07-16 15:00:00.255","000852","2026-06-30","600929","雪天盐业","0.031000","600929.SH","sh","801030.SI","基础化工",,,"4.76","4.81","4.66","4.75","4.74","0.01","0.002109704641350211","15278300","72473656","0.031645569620253236","0.030368763557483733","-0.006276150627615062","0.030368763557483733","-0.16520210896309312","-0.14721723518850985","1784185235281971706","6.54008438818565E-05"
"2026-07-16 15:00:00.255","000852","2026-06-30","600933","爱柯迪","0.078000","600933.SH","sh","801880.SI","汽车",,,"13.83","13.89","13.58","13.64","13.72","-0.08","-0.0058309037900874635","6855116","94210872.59","0.022594752186588955","0.009622501850481125","-0.11371020142949967","-0.0339943342776204","-0.13451776649746194","-0.2994350282485876","1784185223973757965","-0.000454810495626822"
"2026-07-16 15:00:00.255","000852","2026-06-30","600956","新天绿能","0.022000","600956.SH","sh","801160.SI","公用事业",,,"7.22","7.26","7.06","7.11","7.19","-0.08","-0.011126564673157162","7776136","55388770.16","0.027816411682892807","0.051775147928994084","0.01282051282051282","0.020086083213773316","-0.22124863088718508","-0.024691358024691357","1784185241731608375","-0.000244784422809458"
"2026-07-16 15:00:00.255","000852","2026-06-30","600961","株冶集团","0.178000","600961.SH","sh","801050.SI","有色金属",,,"24","24.61","23.43","23.67","24.76","-1.09","-0.04402261712439418","38383139","920798915.2","0.04765751211631662","-0.14394213381555154","-0.21073691230410138","-0.3097112860892388","-0.09999999999999999","0.4362864077669903","1784185235281931465","-0.00783602584814216"
"2026-07-16 15:00:00.255","000852","2026-06-30","600963","岳阳林纸","0.033000","600963.SH","sh","801140.SI","轻工制造",,,"3.13","3.23","3.08","3.17","3.12","0.05","0.016025641025641028","43894773","139168547.34","0.048076923076923045","0.04276315789473684","-0.003144654088050314","0.04966887417218543","-0.2287104622871046","-0.325531914893617","1784185219057583501","0.000528846153846154"
"2026-07-16 15:00:00.255","000852","2026-06-30","600971","恒源煤电","0.042000","600971.SH","sh","801950.SI","煤炭",,,"7.85","8.03","7.7","7.85","7.93","-0.08","-0.01008827238335435","20056513","156860873.37","0.04161412358133659","0.11347517730496455","0.08275862068965517","0.12949640287769784","0.09331476323119778","0.367595818815331","1784185242956417940","-0.000423707440100883"
"2026-07-16 15:00:00.255","000852","2026-06-30","600986","浙文互联","0.106000","600986.SH","sh","801760.SI","传媒",,,"6.62","6.94","6.56","6.78","6.67","0.11","0.01649175412293853","83782897","568624133.37","0.056971514242878545","0.035114503816793895","-0.008771929824561403","-0.04101838755304101","-0.23476297968397294","-0.18016928657799275","1784185204830290390","0.00174812593703148"
"2026-07-16 15:00:00.255","000852","2026-06-30","600993","马应龙","0.067000","600993.SH","sh","801150.SI","医药生物",,,"24.3","24.69","23.9","24.48","24.38","0.10","0.004101722723543889","10930092","265838031.92","0.03240360951599668","0.028571428571428574","0.07039790118058592","0.1359628770301624","0.051094890510948905","-0.13924050632911392","1784185225772579215","0.000274815422477441"
"2026-07-16 15:00:00.255","000852","2026-06-30","600996","贵广网络","0.053000","600996.SH","sh","801760.SI","传媒",,,"6.37","6.65","6.34","6.63","6.43","0.20","0.03110419906687403","24844274","162728151.13","0.048211508553654824","0.09405940594059406","-0.014858841010401188","-0.2116527942925089","-0.2954303931987247","-0.3316532258064516","1784185205570735847","0.00164852255054432"
"2026-07-16 15:00:00.255","000852","2026-06-30","600997","开滦股份","0.031000","600997.SH","sh","801950.SI","煤炭",,,"5.36","5.38","5.17","5.26","5.32","-0.06","-0.011278195488721804","10925361","57522035.18","0.03947368421052631","0.0499001996007984","0.01937984496124031","0.10736842105263159","-0.016822429906542057","-0.0788091068301226","1784185246736789066","-0.000349624060150376"
"2026-07-16 15:00:00.255","000852","2026-06-30","601003","柳钢股份","0.018000","601003.SH","sh","","未映射","","","3.59","3.64","3.48","3.58","3.61","-0.03","-0.008310249307479225","14026840","49701060.33","0.04432132963988924","0.07507507507507508","0.03170028818443804","0.0498533724340176","-0.04533333333333334","-0.2603305785123967","1784185221829563011","-0.000149584487534626"
"2026-07-16 15:00:00.255","000852","2026-06-30","601020","华钰矿业","0.161000","601020.SH","sh","801050.SI","有色金属",,,"18.61","20.03","18.54","19.23","18.82","0.41","0.021785334750265672","24578422","474834533.75","0.0791710945802339","-0.07729955376421477","-0.1882993541851336","-0.1824327196972918","-0.22928940723818683","-0.3166554138090331","1784185244258072344","0.00350743889479277"
"2026-07-16 15:00:00.255","000852","2026-06-30","601022","宁波远洋","0.020000","601022.SH","sh","801170.SI","交通运输",,,"7.95","8.04","7.9","7.99","7.99","0.00","0.0","4843900","38641150","0.017521902377972538","0.05548216644649934","0.010113780025284451","0.048556430446194225","-0.01770346692894025","-0.12236379613356768","1784185249112691083","0"
"2026-07-16 15:00:00.255","000852","2026-06-30","601026","道生天合","0.020000","601026.SH","sh","801030.SI","基础化工",,,"13.79","14.04","13.58","13.72","13.76","-0.04","-0.0029069767441860465","2681701","37083138.5","0.033430232558139594","-0.007235890014471781","-0.07981220657276995","-0.051175656984785614","-0.21734169994295494","-0.308816120906801","1784185208191478576","-5.81395348837209E-05"
"2026-07-16 15:00:00.255","000852","2026-06-30","601033","永兴股份","0.037000","601033.SH","sh","801970.SI","环保",,,"14.04","14.11","13.87","14.03","14.03","0.00","0.0","3138000","43933394","0.01710620099786161","0.04857997010463378","0.021849963583394028","0.016666666666666666","-0.009880028228652082","0.0007132667617689016","1784185242956406670","0"
"2026-07-16 15:00:00.255","000852","2026-06-30","601038","一拖股份","0.024000","601038.SH","sh","801890.SI","机械设备",,,"11.74","12.35","11.66","12.22","11.75","0.47","0.04","9506600","114816581","0.058723404255319106","0.04982817869415807","0.02003338898163606","0.19452590420332355","-0.009323064450749898","-0.1018008085262771","1784185242956405920","0.00096"
"2026-07-16 15:00:00.255","000852","2026-06-30","601068","中铝国际","0.014000","601068.SH","sh","801720.SI","建筑装饰",,,"4.33","4.41","4.2700","4.34","4.34","0.00","0.0","11851600","51495864.23","0.03225806451612896","0.03333333333333333","-0.013636363636363634","-0.02252252252252252","-0.21234119782214156","-0.20220588235294118","1784185246736744276","0"
"2026-07-16 15:00:00.255","000852","2026-06-30","601069","西部黄金","0.062000","601069.SH","sh","801050.SI","有色金属",,,"22.8","23.77","22.66","23.17","22.96","0.21","0.009146341463414634","20790664","483284852.17","0.04834494773519161","-0.060040567951318465","-0.10575067541489773","0.03115264797507788","-0.15708672875436552","-0.1718493101722782","1784185248093902148","0.000567073170731707"
"2026-07-16 15:00:00.255","000852","2026-06-30","601083","锦江航运","0.026000","601083.SH","sh","801170.SI","交通运输",,,"10.7","10.75","10.51","10.58","10.65","-0.07","-0.006572769953051644","5233500","55512751","0.022535211267605652","0.033203125","0.026188166828322017","0.06224899598393574","0.04586793198892843","0.06374421878141967","1784185248093923858","-0.000170892018779343"
"2026-07-16 15:00:00.255","000852","2026-06-30","601089","福元医药","0.024000","601089.SH","sh","801150.SI","医药生物",,,"18.18","18.8","17.93","18.56","18.42","0.14","0.00760043431053203","6327800","116634923","0.04723127035830624","0.10083036773428232","0.05574516496018203","0.1867007672634271","0.0778164924506388","-0.2692913385826772","1784185215219553167","0.000182410423452769"
"2026-07-16 15:00:00.255","000852","2026-06-30","601096","宏盛华源","0.036000","601096.SH","sh","801720.SI","建筑装饰",,,"4.16","4.19","4.09","4.13","4.16","-0.03","-0.007211538461538461","18951179","78552126.95","0.024038461538461665","0.012254901960784314","-0.05922551252847381","-0.05707762557077626","-0.19266557197591683","-0.0037630258587417983","1784185229133524885","-0.000259615384615385"
"2026-07-16 15:00:00.255","000852","2026-06-30","601101","昊华能源","0.062000","601101.SH","sh","801950.SI","煤炭",,,"12.02","12.02","10.96","11.05","12.02","-0.97","-0.08069883527454243","40496808","458043448.48","0.08818635607321121","-0.022123893805309734","-0.03070175438596491","0.01655933762649494","-0.0212577502214349","0.646795827123696","1784185242956299329","-0.00500332778702163"
"2026-07-16 15:00:00.255","000852","2026-06-30","601107","四川成渝","0.032000","601107.SH","sh","801170.SI","交通运输",,,"5.43","5.48","5.33","5.38","5.43","-0.05","-0.009208103130755065","9032300","48647067","0.02762430939226526","0.038610038610038616","0.0326295585412668","0.06958250497017891","-0.050476526650194135","-0.022884126407555393","1784185234132458265","-0.000294659300184162"
"2026-07-16 15:00:00.255","000852","2026-06-30","601126","四方股份","0.324000","601126.SH","sh","801730.SI","电力设备",,,"49","50.1","46.3","46.59","49.63","-3.04","-0.06125327422929679","25387886","1213720827.5","0.07656659278662094","-0.1680357142857143","-0.1967241379310345","-0.28499079189686927","-0.4319678127286028","0.6121107266435987","1784185221829513731","-0.0198460608502922"
"2026-07-16 15:00:00.255","000852","2026-06-30","601137","博威合金","0.126000","601137.SH","sh","801050.SI","有色金属",,,"19","19.45","18.45","18.6","18.95","-0.35","-0.018469656992084433","19407243","368048508.97","0.052770448548812667","-0.037267080745341616","-0.1798941798941799","-0.19235779418150237","-0.10568323877295895","-0.14474894243148795","1784185233440992402","-0.00232717678100264"
"2026-07-16 15:00:00.255","000852","2026-06-30","601187","厦门银行","0.092000","601187.SH","sh","801780.SI","银行",,,"7.39","7.42","7.22","7.27","7.39","-0.12","-0.016238159675236806","23014900","167911164","0.027063599458728032","0.04906204906204907","0.07544378698224853","0.012534818941504178","0.07703703703703704","0.02250351617440225","1784185233002977742","-0.00149391069012179"
"2026-07-16 15:00:00.255","000852","2026-06-30","601200","上海环境","0.046000","601200.SH","sh","801970.SI","环保",,,"7.05","7.1","7","7.06","7.05","0.01","0.0014184397163120568","7927488","55916195.57","0.014184397163120643","0.04129793510324484","0.027656477438136828","0.06485671191553545","-0.06117021276595745","-0.12839506172839507","1784185233002897931","6.52482269503546E-05"
"2026-07-16 15:00:00.255","000852","2026-06-30","601208","东材科技","0.587000","601208.SH","sh","801030.SI","基础化工",,,"49.88","52.24","48.19","48.78","51.49","-2.71","-0.05263157894736842","53619665","2682050636.35","0.078656049718392","-0.1644398766700925","-0.23422291993720565","-0.3376782077393075","-0.10380304978871946","0.7751091703056768","1784185242956289329","-0.0308947368421053"
"2026-07-16 15:00:00.255","000852","2026-06-30","601222","林洋能源","0.078000","601222.SH","sh","801160.SI","公用事业",,,"5.43","5.51","5.39","5.47","5.43","0.04","0.007366482504604052","20587183","112271044.14","0.022099447513812175","0.0036697247706422016","0.0018315018315018315","0.007366482504604052","-0.1558641975308642","-0.010849909584086798","1784185219057550371","0.000574585635359116"
"2026-07-16 15:00:00.255","000852","2026-06-30","601311","骆驼股份","0.066000","601311.SH","sh","801730.SI","电力设备",,,"7.86","7.92","7.76","7.85","7.86","-0.01","-0.0012722646310432569","11346479","88966342.76","0.02035623409669213","0.034255599472990776","0.0051216389244558265","0.09027777777777778","-0.07429245283018868","-0.12094064949608063","1784185245889455716","-8.3969465648855E-05"
"2026-07-16 15:00:00.255","000852","2026-06-30","601326","秦港股份","0.046000","601326.SH","sh","801170.SI","交通运输",,,"3.43","3.46","3.39","3.42","3.43","-0.01","-0.0029154518950437317","26299300","89973042","0.020408163265306076","0.049079754601226995","0.04587155963302752","0.07547169811320754","0.049079754601226995","-0.022857142857142857","1784185237447682614","-0.000134110787172012"
"2026-07-16 15:00:00.255","000852","2026-06-30","601333","广深铁路","0.096000","601333.SH","sh","801170.SI","交通运输",,,"2.99","3.02","2.97","3","3","0","0.0","51516749","154353663","0.016666666666666607","0.02040816326530612","0.027397260273972605","0.06382978723404255","0.056338028169014086","0.05263157894736842","1784185234132472995","0"
"2026-07-16 15:00:00.255","000852","2026-06-30","601369","陕鼓动力","0.064000","601369.SH","sh","","未映射","","","9.01","9.09","8.62","8.64","9.1","-0.46","-0.05054945054945055","18402333","161050752.75","0.05164835164835153","-0.045303867403314914","0.008168028004667444","-0.04635761589403973","-0.019296254256526674","-0.108359133126935","1784185248093883278","-0.00323516483516484"
"2026-07-16 15:00:00.255","000852","2026-06-30","601375","中原证券","0.113000","601375.SH","sh","801790.SI","非银金融",,,"4.13","4.16","4.08","4.13","4.16","-0.03","-0.007211538461538461","49013318","201743276.75","0.019230769230769246","0.012254901960784314","0.01474201474201474","0.04556962025316455","0.050890585241730284","-0.05491990846681922","1784185219057527170","-0.000814903846153846"
"2026-07-16 15:00:00.255","000852","2026-06-30","601519","大智慧","0.106000","601519.SH","sh","801750.SI","计算机",,,"7.59","7.73","7.46","7.67","7.67","0.00","0.0","27456019","209409757.69","0.03520208604954374","-0.09976525821596244","-0.13528748590755355","-0.1122685185185185","-0.2443349753694581","-0.4288905435591958","1784185233440886561","0"
"2026-07-16 15:00:00.255","000852","2026-06-30","601528","瑞丰银行","0.089000","601528.SH","sh","801780.SI","银行",,,"4.81","4.85","4.75","4.81","4.8","0.01","0.0020833333333333333","17106804","82036360.74","0.020833333333333447","0.0525164113785558","0.06181015452538632","0.06888888888888889","0.025586353944562896","-0.14716312056737588","1784185234132493545","0.000185416666666667"
"2026-07-16 15:00:00.255","000852","2026-06-30","601568","北元化工","0.055000","601568.SH","sh","801030.SI","基础化工",,,"3.62","3.62","3.53","3.58","3.59","-0.01","-0.002785515320334262","17005510","60724218.8","0.025069637883008318","0.05604719764011799","0.025787965616045842","0.019943019943019946","-0.016483516483516484","-0.02452316076294278","1784185245122686315","-0.000153203342618384"
"2026-07-16 15:00:00.255","000852","2026-06-30","601595","上海电影","0.031000","601595.SH","sh","801760.SI","传媒",,,"16.74","18.16","16.5","18.16","16.51","1.65","0.09993943064809205","14368640","250891899","0.10054512416717142","0.09134615384615384","0.08353221957040571","0.09595654797827399","-0.14299197734780555","-0.3569405099150142","1784185235281969206","0.00309812235009085"
"2026-07-16 15:00:00.255","000852","2026-06-30","601606","长城军工","0.102000","601606.SH","sh","801740.SI","国防军工",,,"26","26.26","25.7","26.06","26.14","-0.08","-0.00306044376434583","7789415","202758141.24","0.021423106350420898","-0.03194650817236255","-0.10692254969156957","-0.06427289048473968","-0.25986935529679067","-0.47310958350181964","1784185204830310810","-0.000312165263963275"
"2026-07-16 15:00:00.255","000852","2026-06-30","601609","金田股份","0.096000","601609.SH","sh","801050.SI","有色金属",,,"10.2","10.36","9.96","10.12","10.36","-0.24","-0.023166023166023165","36743921","373275568.33","0.03861003861003848","-0.06813996316758748","-0.11461067366579178","-0.025048169556840076","-0.20627450980392156","-0.038022813688212934","1784185249112665173","-0.00222393822393822"
"2026-07-16 15:00:00.255","000852","2026-06-30","601619","嘉泽新能","0.064000","601619.SH","sh","801160.SI","公用事业",,,"4.19","4.24","4.09","4.14","4.19","-0.05","-0.011933174224343675","34746854","144616255.46","0.03579952267303111","0.0048543689320388345","-0.06122448979591837","0.0048543689320388345","-0.23048327137546468","-0.09803921568627451","1784185233002943002","-0.000763723150357995"
"2026-07-16 15:00:00.255","000852","2026-06-30","601636","旗滨集团","0.217000","601636.SH","sh","801710.SI","建筑材料",,,"6.46","6.54","6.09","6.13","6.55","-0.42","-0.06412213740458016","120928345","759985271.28","0.06870229007633591","-0.14979195561719835","-0.27197149643705465","-0.3135498320268757","-0.08915304606240712","0.019966722129783693","1784185225772561155","-0.0139145038167939"
"2026-07-16 15:00:00.255","000852","2026-06-30","601677","明泰铝业","0.212000","601677.SH","sh","801050.SI","有色金属",,,"16.16","16.45","15.9","16.05","16.2","-0.15","-0.009259259259259259","28109606","452462656.1","0.03395061728395055","0.0545335085413929","0.017110266159695818","-0.021937842778793418","-0.12819120043454643","0.10157858613589567","1784185204830260170","-0.00196296296296296"
"2026-07-16 15:00:00.255","000852","2026-06-30","601678","滨化股份","0.139000","601678.SH","sh","","未映射","","","5.08","5.17","5.01","5.07","5.1","-0.03","-0.0058823529411764705","88909442","451868526.81","0.03137254901960787","-0.11672473867595819","-0.2683982683982684","-0.18357487922705312","-0.07818181818181819","0.19575471698113206","1784185248093952218","-0.00081764705882353"
"2026-07-16 15:00:00.255","000852","2026-06-30","601702","华峰铝业","0.058000","601702.SH","sh","801050.SI","有色金属",,,"14.38","14.54","13.98","14.05","14.46","-0.41","-0.028354080221300135","9477510","134188876","0.03872752420470266","0.018115942028985508","-0.011954992967651196","-0.005661712668082095","-0.22375690607734805","-0.31026018654884635","1784185205570796118","-0.00164453665283541"
"2026-07-16 15:00:00.255","000852","2026-06-30","601777","千里科技","0.189000","601777.SH","sh","801880.SI","汽车",,,"7.68","7.68","7.41","7.51","7.61","-0.10","-0.013140604467805518","24588002","184756874.91","0.03547963206307484","-0.028460543337645534","-0.0785276073619632","-0.09843937575030011","-0.3324444444444445","-0.29150943396226414","1784185219057563140","-0.00248357424441524"
"2026-07-16 15:00:00.255","000852","2026-06-30","601778","晶科科技","0.131000","601778.SH","sh","801160.SI","公用事业",,,"3.59","3.64","3.5","3.52","3.59","-0.07","-0.019498607242339837","96883319","346120545.08","0.0389972144846797","-0.08093994778067885","-0.15180722891566265","-0.18013695439511807","-0.43256923622529575","-0.07935345504001674","1784185233440919991","-0.00255431754874652"
"2026-07-16 15:00:00.255","000852","2026-06-30","601801","皖新传媒","0.030000","601801.SH","sh","801760.SI","传媒",,,"5.27","5.36","5.23","5.34","5.28","0.06","0.011363636363636362","12837900","68060824.1","0.0246212121212121","0.07228915662650602","0.07661290322580645","0.12658227848101264","0.013282732447817839","-0.16037735849056603","1784185219057523460","0.000340909090909091"
"2026-07-16 15:00:00.255","000852","2026-06-30","601858","中国科传","0.028000","601858.SH","sh","801760.SI","传媒",,,"18.13","18.42","17.81","18","18.13","-0.13","-0.007170435741864314","13413910","243593593.04","0.0336458907887481","0.06007067137809187","0.010668163952835487","0.006148686416992733","-0.29714955095665757","-0.02702702702702703","1784185248093968998","-0.000200772200772201"
"2026-07-16 15:00:00.255","000852","2026-06-30","601860","紫金银行","0.073000","601860.SH","sh","801780.SI","银行",,,"2.61","2.64","2.57","2.59","2.6","-0.01","-0.003846153846153846","45922005","119345611.95","0.026923076923077032","0.052845528455284556","0.040160642570281124","0.04435483870967742","0.06584362139917695","-0.011450381679389311","1784185215219488766","-0.000280769230769231"
"2026-07-16 15:00:00.255","000852","2026-06-30","601882","海天精工","0.032000","601882.SH","sh","801890.SI","机械设备",,,"18.92","19.11","18.45","18.52","19.01","-0.49","-0.025775907417148865","4439300","83129508","0.03471856917411889","-0.04041450777202073","-0.1305164319248826","0.0032502708559046583","-0.17542297417631345","-0.016463090812533193","1784185245122741365","-0.000824829037348764"
"2026-07-16 15:00:00.255","000852","2026-06-30","601890","亚星锚链","0.056000","601890.SH","sh","801740.SI","国防军工",,,"8.1","8.21","8.01","8.15","8.11","0.04","0.004932182490752158","13893898","113012715.88","0.02466091245376092","0.013681592039800997","-0.05342624854819977","-0.003667481662591687","-0.11605206073752711","-0.21860019175455417","1784185249112681533","0.000276202219482121"
"2026-07-16 15:00:00.255","000852","2026-06-30","601900","南方传媒","0.039000","601900.SH","sh","801760.SI","传媒",,,"11.84","12","11.7","11.95","11.82","0.13","0.010998307952622674","7896279","93972537.12","0.025380710659898387","0.07174887892376682","0.07271095152603231","0.10853432282003711","0.032843560933448576","-0.12837345003646972","1784185241731617615","0.000428934010152284"
"2026-07-16 15:00:00.255","000852","2026-06-30","601908","京运通","0.047000","601908.SH","sh","801160.SI","公用事业",,,"2.89","2.95","2.87","2.92","2.91","0.01","0.003436426116838488","32809400","95756944","0.027491408934707928","-0.006802721088435375","-0.02666666666666667","-0.006802721088435375","-0.20435967302452315","-0.25888324873096447","1784185246736794356","0.000161512027491409"
"2026-07-16 15:00:00.255","000852","2026-06-30","601918","新集能源","0.137000","601918.SH","sh","801950.SI","煤炭",,,"10.05","10.16","9.7","9.75","10.21","-0.46","-0.04505386875612145","41572054","408374344.27","0.04505386875612136","0.036131774707757705","0.06209150326797385","0.12716763005780346","0.020942408376963352","0.4795144157814871","1784185205570810098","-0.00617238001958864"
"2026-07-16 15:00:00.255","000852","2026-06-30","601921","浙版传媒","0.030000","601921.SH","sh","801760.SI","传媒",,,"7.1","7.21","7.07","7.16","7.12","0.04","0.0056179775280898875","5373000","38418328","0.01966292134831456","0.019943019943019946","0.03768115942028986","0.052941176470588235","0.03318903318903319","-0.06527415143603132","1784185205570750888","0.000168539325842697"
"2026-07-16 15:00:00.255","000852","2026-06-30","601949","中国出版","0.027000","601949.SH","sh","801760.SI","传媒",,,"5.08","5.21","4.99","5.18","5.04","0.14","0.02777777777777778","14428699","74012492.95","0.0436507936507936","0.09052631578947368","0.06584362139917695","0.1044776119402985","0.01768172888015717","-0.20673813169984687","1784185249638825337","0.00075"
"2026-07-16 15:00:00.255","000852","2026-06-30","601952","苏垦农发","0.042000","601952.SH","sh","801010.SI","农林牧渔",,,"8.07","8.18","8.01","8.1","8.07","0.03","0.0037174721189591076","9402553","76079924.86","0.021065675340768267","0.06020942408376964","0.04516129032258064","0.11111111111111112","-0.021739130434782608","-0.083710407239819","1784185228161544738","0.000156133828996283"
"2026-07-16 15:00:00.255","000852","2026-06-30","601963","重庆银行","0.085000","601963.SH","sh","801780.SI","银行",,,"10.64","10.87","10.43","10.54","10.63","-0.09","-0.008466603951081843","15647327","165219623.54","0.04139228598306691","0.07881269191402253","0.09332697115235004","0.03839295390284031","-0.04790294752626397","0.013276420653918996","1784185233440863130","-0.000719661335841957"
"2026-07-16 15:00:00.255","000852","2026-06-30","601965","中国汽研","0.049000","601965.SH","sh","801880.SI","汽车",,,"12.68","12.98","12.53","12.87","12.64","0.23","0.01819620253164557","9174960","117564940.82","0.03560126582278475","0.07788944723618091","0.04634146341463414","0.125","-0.1482461945731304","-0.21857923497267762","1784185205570837358","0.000891613924050633"
"2026-07-16 15:00:00.255","000852","2026-06-30","601969","海南矿业","0.048000","601969.SH","sh","801040.SI","钢铁",,,"8.49","8.57","8.29","8.34","8.47","-0.13","-0.015348288075560802","21633892","181390323.8","0.033057851239669346","0.05436156763590392","-0.03695150115473441","0.04905660377358491","-0.1481103166496425","-0.26970227670753066","1784185215219541847","-0.000736717827626919"
"2026-07-16 15:00:00.255","000852","2026-06-30","601975","招商南油","0.125000","601975.SH","sh","801170.SI","交通运输",,,"3.51","3.56","3.37","3.38","3.58","-0.20","-0.0558659217877095","191083323","656606959.81","0.05307262569832401","-0.0058823529411764705","-0.08401084010840108","-0.1875","-0.3073770491803279","0.12068965517241378","1784185229133519325","-0.00698324022346369"
"2026-07-16 15:00:00.255","000852","2026-06-30","603005","晶方科技","0.360000","603005.SH","sh","801080.SI","电子",,,"36","37.24","34.1","34.5","37","-2.5","-0.06756756756756757","57258471","2047099775.97","0.08486486486486489","-0.23655676034520912","-0.20470262793914246","-0.34047027337029245","-0.24342105263157893","0.22732123799359658","1784185225772532524","-0.0243243243243243"
"2026-07-16 15:00:00.255","000852","2026-06-30","603009","北特科技","0.102000","603009.SH","sh","801880.SI","汽车",,,"45.78","46.4","44.23","44.61","45.78","-1.17","-0.025557011795543903","5994093","270868544.5","0.04740061162079499","-0.038163001293661056","-0.16366704161979753","0.02339986235375086","-0.14477972470380737","-0.08439719223348795","1784185210339729095","-0.00260681520314548"
"2026-07-16 15:00:00.255","000852","2026-06-30","603013","亚普股份","0.016000","603013.SH","sh","801880.SI","汽车",,,"16.32","16.64","16.02","16.43","16.26","0.17","0.01045510455104551","2714800","44500208","0.0381303813038131","0.009213759213759214","-0.0696489241223103","0.03528670447385004","-0.16173469387755102","-0.29605826906598115","1784185245122688225","0.000167281672816728"
"2026-07-16 15:00:00.255","000852","2026-06-30","603014","威高血净","0.014000","603014.SH","sh","","未映射","","","33.01","33.85","32.81","33.44","33.32","0.12","0.003601440576230492","2780611","92826828.38","0.031212484993997574","0.008748114630467572","-0.07059477487493053","0.027342549923195087","-0.07235827387623306","-0.1797568705173615","1784185229133556086","5.04201680672269E-05"
"2026-07-16 15:00:00.255","000852","2026-06-30","603025","大豪科技","0.031000","603025.SH","sh","801890.SI","机械设备",,,"12.84","13.04","12.71","12.76","12.91","-0.15","-0.011618900077459334","7200860","92602687.6","0.02556158017041054","-0.06451612903225806","-0.09246088193456614","-0.04705003734129948","-0.19240506329113924","-0.2598607888631091","1784185225772592005","-0.000360185902401239"
"2026-07-16 15:00:00.255","000852","2026-06-30","603026","石大胜华","0.149000","603026.SH","sh","801730.SI","电力设备",,,"62.91","64.08","61.66","62","63.73","-1.73","-0.027145771222344267","6783879","426578383.93","0.037972697316805186","-0.12429378531073448","-0.31019136626613264","-0.2853849700322729","-0.3115700644015101","-0.21628112754392617","1784185235281925735","-0.0040447199121293"
"2026-07-16 15:00:00.255","000852","2026-06-30","603027","千禾味业","0.048000","603027.SH","sh","801120.SI","食品饮料",,,"7.55","7.6","7.44","7.53","7.55","-0.02","-0.0026490066225165563","15121716","113712667.06","0.02119205298013247","0.07112375533428164","0.06205923836389281","0.06056338028169014","-0.003968253968253968","-0.24925224327018944","1784185217249870490","-0.000127152317880795"
"2026-07-16 15:00:00.255","000852","2026-06-30","603033","三维股份","0.042000","603033.SH","sh","801030.SI","基础化工",,,"8.5","8.5","8.15","8.38","8.27","0.11","0.013301088270858526","7317044","60953327.17","0.04232164449818617","-0.01062573789846517","-0.1577889447236181","0.009638554216867469","-0.19885277246653918","-0.21314553990610327","1784185245889424516","0.000558645707376058"
"2026-07-16 15:00:00.255","000852","2026-06-30","603039","泛微网络","0.057000","603039.SH","sh","801750.SI","计算机",,,"30.89","31.88","30.54","31.1","31.14","-0.04","-0.0012845215157353885","9837751","307772619.28","0.04303147077713551","-0.10477835348301669","-0.10862711378618516","-0.0445468509984639","-0.16149905634942033","-0.21479793109494175","1784185246736740506","-7.32177263969171E-05"
"2026-07-16 15:00:00.255","000852","2026-06-30","603043","广州酒家","0.029000","603043.SH","sh","801120.SI","食品饮料",,,"13.48","13.84","13.39","13.74","13.51","0.23","0.017024426350851222","3737060","50984274.6","0.03330866025166538","0.044072948328267476","0.03153153153153153","0.08445146014206788","0.0377643504531722","-0.18842291789722387","1784185246736747076","0.000493708364174685"
"2026-07-16 15:00:00.255","000852","2026-06-30","603055","台华新材","0.021000","603055.SH","sh","","未映射","","","8.8","8.82","8.66","8.71","8.71","0.00","0.0","5529969","48282300.08","0.01836969001148107","0.036904761904761905","0.001149425287356322","0.09836065573770493","0.06740196078431374","-0.0202474690663667","1784185251479167344","0"
"2026-07-16 15:00:00.255","000852","2026-06-30","603057","紫燕食品","0.028000","603057.SH","sh","801120.SI","食品饮料",,,"21.53","21.53","20.66","21.19","21.36","-0.17","-0.007958801498127341","2195900","46284694.52","0.040730337078651736","-0.03943789664551224","-0.0975298126064736","-0.06197432492253209","-0.20278404815650866","0.0800203873598369","1784185249112671603","-0.000222846441947566"
"2026-07-16 15:00:00.255","000852","2026-06-30","603063","禾望电气","0.249000","603063.SH","sh","801730.SI","电力设备",,,"37.26","37.56","34.9","35.25","36.61","-1.36","-0.037148320131111724","21572131","779287233.9","0.07265774378585096","-0.2017663043478261","-0.19002757352941174","-0.3225062463963098","-0.4153259246972964","0.08195211786372007","1784185248093931068","-0.00924993171264682"
"2026-07-16 15:00:00.255","000852","2026-06-30","603072","天和磁材","0.043000","603072.SH","sh","801050.SI","有色金属",,,"32.58","33.23","32.33","32.98","32.77","0.21","0.006408300274641439","2201400","72581684","0.02746414403417777","-0.0242603550295858","-0.17652933832709117","-0.138003136434919","-0.12240553485896753","-0.19305113775385369","1784185229133551546","0.000275556911809582"
"2026-07-16 15:00:00.255","000852","2026-06-30","603083","剑桥科技","0.720000","603083.SH","sh","801770.SI","通信",,,"201.98","213","193.91","195.7","208.1","-12.4","-0.05958673714560308","21010058","4277195662.06","0.09173474291206153","-0.031188118811881188","-0.06529111142952668","-0.2042127521145088","-0.036150512214342005","0.5115470765428285","1784185245889475467","-0.0429024507448342"
"2026-07-16 15:00:00.255","000852","2026-06-30","603093","南华期货","0.034000","603093.SH","sh","801790.SI","非银金融",,,"16.88","17.05","16.62","16.93","17.05","-0.12","-0.007038123167155424","8545700","144204042","0.02521994134897359","-0.007620164126611958","-0.0946524064171123","-0.08486486486486487","-0.18054211035818005","-0.1392984239959329","1784185249112675643","-0.000239296187683284"
"2026-07-16 15:00:00.255","000852","2026-06-30","603099","长白山","0.040000","603099.SH","sh","801210.SI","社会服务",,,"36.48","37.27","36.29","37.1","36.81","0.29","0.007878293941863623","6033218","222625422.54","0.026623200217332353","0.092300897983218","0.04169591464270672","0.06106106106106105","-0.018648326940880835","-0.17637917637917638","1784185248093897418","0.000315131757674545"
"2026-07-16 15:00:00.255","000852","2026-06-30","603100","川仪股份","0.048000","603100.SH","sh","801890.SI","机械设备",,,"17.4","17.76","16.91","17.7","17.2","0.5","0.029069767441860465","7153789","125002257.74","0.04941860465116288","0.027874564459930314","-0.033315128345166575","0.05357142857142857","-0.078125","-0.21368280764104838","1784185215219527996","0.0013953488372093"
"2026-07-16 15:00:00.255","000852","2026-06-30","603103","横店影视","0.011000","603103.SH","sh","801760.SI","传媒",,,"14.04","15.62","14.03","14.94","14.2","0.74","0.05211267605633803","17719298","264865832.08","0.11197183098591547","0.04111498257839721","-0.002004008016032064","0.05137227304714989","-0.3064066852367688","-0.11071428571428571","1784185234132520396","0.000573239436619718"
"2026-07-16 15:00:00.255","000852","2026-06-30","603108","润达医疗","0.044000","603108.SH","sh","801150.SI","医药生物",,,"9.3","10.31","9.21","10.31","9.37","0.94","0.10032017075773746","44598152","445274891.3","0.11739594450373528","0.154535274356103","0.08526315789473685","0.12924424972617743","-0.2159695817490494","-0.34829329962073324","1784185242956416140","0.00441408751334045"
"2026-07-16 15:00:00.255","000852","2026-06-30","603118","共进股份","0.059000","603118.SH","sh","801770.SI","通信",,,"12.3","14.16","12.2","13.59","12.87","0.72","0.055944055944055944","104305792","1412056394.69","0.1522921522921522","0.012667660208643816","0.1139344262295082","0.17357512953367873","0.019504876219054765","0.16552315608919382","1784185233440934971","0.0033006993006993"
"2026-07-16 15:00:00.255","000852","2026-06-30","603124","江南新材","0.168000","603124.SH","sh","","未映射","","","133","135.15","126.52","128.4","133.71","-5.31","-0.03971281130805474","4342448","567891184.6","0.06454266696582162","-0.1780821917808219","-0.2562127092625847","-0.28006728343145504","-0.057476326800264266","0.5571186029590104","1784185233002935462","-0.0066717522997532"
"2026-07-16 15:00:00.255","000852","2026-06-30","603127","昭衍新药","0.173000","603127.SH","sh","801150.SI","医药生物",,,"51.58","55.68","50.98","53.25","50.62","2.63","0.05195574871592256","123303671","6641552683.05","0.09284867641248509","0.3553066938152202","0.31286982248520706","0.44543973941368076","0.470182219768084","0.3914293180036582","1784185234132489335","0.0089883445278546"
"2026-07-16 15:00:00.255","000852","2026-06-30","603132","金徽股份","0.031000","603132.SH","sh","801050.SI","有色金属",,,"15.35","15.37","14.99","15.06","15.32","-0.26","-0.016971279373368148","4569200","69216240","0.024804177545691957","0.001996007984031936","-0.08892921960072595","-0.06459627329192547","-0.12645011600928077","0.06056338028169014","1784185233002869241","-0.000526109660574413"
"2026-07-16 15:00:00.255","000852","2026-06-30","603162","海通发展","0.038000","603162.SH","sh","801170.SI","交通运输",,,"11.09","11.36","10.24","10.33","11.24","-0.91","-0.0809608540925267","52886840","569394449.88","0.09964412811387893","0.12282608695652174","0.07268951194184838","0.12896174863387977","-0.09465381244522349","0.9165536168050145","1784185204830339621","-0.00307651245551601"
"2026-07-16 15:00:00.255","000852","2026-06-30","603166","福达股份","0.044000","603166.SH","sh","801880.SI","汽车",,,"10.8","10.93","10.66","10.72","10.83","-0.11","-0.010156971375807941","8178295","88230495.4","0.024930747922437633","-0.016513761467889906","-0.24719101123595505","-0.23592302209550964","-0.18726307808946174","-0.29934640522875816","1784185248093950548","-0.000446906740535549"
"2026-07-16 15:00:00.255","000852","2026-06-30","603169","兰石重装","0.057000","603169.SH","sh","801890.SI","机械设备",,,"6.12","6.21","6.02","6.12","6.1","0.02","0.0032786885245901644","12378639","75688468.76","0.031147540983606472","0.0032786885245901644","-0.09734513274336283","-0.12320916905444125","-0.25091799265605874","-0.4426229508196721","1784185248093917228","0.000186885245901639"
"2026-07-16 15:00:00.255","000852","2026-06-30","603171","税友股份","0.050000","603171.SH","sh","801750.SI","计算机",,,"38.39","39.82","37.65","38.7","38.58","0.12","0.003110419906687403","4791829","186115580.19","0.05624675997926391","-0.0256797583081571","-0.021244309559939303","0.0025906735751295338","-0.2150101419878296","-0.3575697211155378","1784185233002942492","0.00015552099533437"
"2026-07-16 15:00:00.255","000852","2026-06-30","603193","润本股份","0.023000","603193.SH","sh","801980.SI","美容护理",,,"19.24","19.83","19.06","19.65","19.24","0.41","0.02130977130977131","3171903","61994146.05","0.04002079002079018","0.05872844827586208","0.009244992295839754","0.07142857142857144","-0.07572906867356538","-0.18700868845676455","1784185237447698694","0.00049012474012474"
"2026-07-16 15:00:00.255","000852","2026-06-30","603194","中力股份","0.060000","603194.SH","sh","","未映射","","","33.43","33.89","33.22","33.78","33.53","0.25","0.007456009543692216","1296368","43694087.4000","0.019982105577095188","0.016857314870559907","-0.04251700680272109","-0.08430468961778259","0.0005924170616113745","-0.12713178294573643","1784185242956401380","0.000447360572621533"
"2026-07-16 15:00:00.255","000852","2026-06-30","603202","天有为","0.024000","603202.SH","sh","801880.SI","汽车",,,"51.58","53.35","51.12","52.95","51.56","1.39","0.026958882854926296","1688290","88849559.2","0.04325058184639249","0.06496379726468222","0.019249278152069296","0.06754032258064516","-0.14871382636655947","-0.406656207978485","1784185246736825396","0.000647013188518231"
"2026-07-16 15:00:00.255","000852","2026-06-30","603218","日月股份","0.054000","603218.SH","sh","801730.SI","电力设备",,,"9.67","9.79","9.48","9.67","9.62","0.05","0.005197505197505198","7511100","72494649","0.032224532224532275","0.02653927813163482","-0.06479690522243714","-0.03876739562624255","-0.1948376353039134","-0.270188679245283","1784185245889441386","0.000280665280665281"
"2026-07-16 15:00:00.255","000852","2026-06-30","603219","富佳股份","0.018000","603219.SH","sh","","未映射","","","14.78","14.98","14.13","14.19","14.78","-0.59","-0.039918809201623814","3719226","53998964.28","0.057510148849796994","-0.014583333333333332","-0.15435041716328962","0.007097232079489","-0.14723557692307693","-0.16381850324101355","1784185235281972346","-0.000718538565629229"
"2026-07-16 15:00:00.255","000852","2026-06-30","603220","中贝通信","0.071000","603220.SH","sh","801770.SI","通信",,,"17.88","19.08","17.77","18.4","18.16","0.24","0.013215859030837003","18821883","348394352","0.07213656387665211","-0.06835443037974684","-0.11877394636015326","-0.15011547344110857","-0.25656565656565655","-0.15402298850574714","1784185237447710224","0.000938325991189427"
"2026-07-16 15:00:00.255","000852","2026-06-30","603227","雪峰科技","0.046000","603227.SH","sh","801030.SI","基础化工",,,"7.41","7.41","7.2","7.24","7.35","-0.11","-0.014965986394557824","8730300","63648675.98","0.028571428571428564","0.029871977240398292","0.006954102920723227","0.0111731843575419","-0.19286510590858416","-0.10506798516687268","1784185217249801210","-0.00068843537414966"
"2026-07-16 15:00:00.255","000852","2026-06-30","603236","移远通信","0.148000","603236.SH","sh","801770.SI","通信",,,"50.74","55.2","50.72","53.18","50.73","2.45","0.04829489453972009","17116605","906794685.61","0.08831066430120252","0.07412643910321147","0.02664092664092664","0.14169171318162302","0.3561737229696323","0.050649141198290455","1784185233002865271","0.00714764439187857"
"2026-07-16 15:00:00.255","000852","2026-06-30","603248","锡华科技","0.020000","603248.SH","sh","801730.SI","电力设备",,,"18.57","18.78","18.21","18.29","18.58","-0.29","-0.015608180839612486","3350262","61993637.82","0.030678148546824553","-0.038885969521807666","-0.14452759588400374","-0.12987630827783064","-0.33442503639010185","-0.1735201084500678","1784185221829538331","-0.00031216361679225"
"2026-07-16 15:00:00.255","000852","2026-06-30","603267","鸿远电子","0.129000","603267.SH","sh","801740.SI","国防军工",,,"53.31","53.79","50.69","50.9","53.5","-2.6","-0.048598130841121495","9108215","475579620.39","0.05794392523364489","-0.1902640789055043","-0.2583418330176308","-0.3476867871331539","-0.2734798743933771","-0.055483392095008355","1784185223973758625","-0.00626915887850467"
"2026-07-16 15:00:00.255","000852","2026-06-30","603279","景津装备","0.043000","603279.SH","sh","801890.SI","机械设备",,,"12.45","12.61","12.34","12.49","12.5","-0.01","-0.0008","6294221","78607609.19","0.021599999999999966","0.03651452282157676","0.0016038492381716118","0.04781879194630872","-0.16286863270777482","-0.23655256723716384","1784185231743299880","-3.44E-05"
"2026-07-16 15:00:00.255","000852","2026-06-30","603283","赛腾股份","0.205000","603283.SH","sh","801890.SI","机械设备",,,"56","57.5","51.71","52.06","57.45","-5.39","-0.09382071366405569","28757076","1559078279.27","0.10078328981723235","-0.27784713552503815","-0.23497428361498898","-0.27270187203129365","0.3242632228543906","1.0519007416390689","1784185215219515186","-0.0192332463011314"
"2026-07-16 15:00:00.255","000852","2026-06-30","603297","永新光学","0.067000","603297.SH","sh","801080.SI","电子",,,"105","106.5","101.66","102.39","105.4","-3.01","-0.028557874762808345","1267191","131503936.07","0.04592030360531312","-0.16891233766233765","-0.19447722445126267","-0.2567508710801394","-0.26082876118971987","-0.04192008982876392","1784185231743268220","-0.00191337760910816"
"2026-07-16 15:00:00.255","000852","2026-06-30","603299","苏盐井神","0.034000","603299.SH","sh","801030.SI","基础化工",,,"9.56","9.57","9.38","9.43","9.54","-0.11","-0.011530398322851155","4412110","41757855.4000","0.019916142557651936","0.058361391694725026","0.045454545454545456","0.0691609977324263","-0.021378165213781653","-0.04515998379910895","1784185221829559431","-0.000392033542976939"
"2026-07-16 15:00:00.255","000852","2026-06-30","603300","海南华铁","0.074000","603300.SH","sh","801790.SI","非银金融",,,"4.42","4.83","4.38","4.72","4.44","0.28","0.06306306306306306","101329721","470894344.91","0.10135135135135138","0.07029478458049887","0.012875536480686695","0.03964757709251101","-0.16460176991150444","-0.3805774278215223","1784185219057564711","0.00466666666666667"
"2026-07-16 15:00:00.255","000852","2026-06-30","603301","振德医疗","0.118000","603301.SH","sh","801150.SI","医药生物",,,"84.92","84.92","81.01","82.65","84.8","-2.15","-0.02535377358490566","1827100","150468255.54","0.0461084905660377","-0.06079545454545454","-0.03906522497384025","-0.05141742224262597","-0.017708580936534348","0.16474069898534385","1784185241731578035","-0.00299174528301887"
"2026-07-16 15:00:00.255","000852","2026-06-30","603305","旭升集团","0.086000","603305.SH","sh","801880.SI","汽车",,,"11.16","11.4","11.08","11.21","11.23","-0.02","-0.0017809439002671415","16086942","180896183.18","0.02849510240427429","-0.049999999999999996","-0.1396776669224866","-0.04919423240033927","-0.2827895073576455","-0.302860696517413","1784185219057524030","-0.000153161175422974"
"2026-07-16 15:00:00.255","000852","2026-06-30","603306","华懋科技","0.350000","603306.SH","sh","801880.SI","汽车",,,"79.49","80.95","76.65","79.3","80.25","-0.95","-0.011838006230529595","10191999","809104490.06","0.053582554517133923","-0.17636061487328625","-0.16499947351795305","-0.25749063670411987","-0.3198970840480274","0.20847302651630598","1784185228161578668","-0.00414330218068536"
"2026-07-16 15:00:00.255","000852","2026-06-30","603317","天味食品","0.043000","603317.SH","sh","801120.SI","食品饮料",,,"13.78","14","13.51","13.75","13.9","-0.15","-0.010791366906474819","13856682","190749159.97","0.03525179856115109","0.03228228228228228","-0.020655270655270654","0.04562737642585551","-0.06462585034013606","0.18025751072961374","1784185231743339270","-0.000464028776978417"
"2026-07-16 15:00:00.255","000852","2026-06-30","603319","美湖股份","0.092000","603319.SH","sh","801880.SI","汽车",,,"28.2","29.2","27.39","28.15","28.42","-0.27","-0.009500351864883884","12764054","360384810.3200","0.06368754398311044","-0.10464376590330789","-0.18405797101449275","-0.12550481515998757","-0.16294974724947964","-0.20800157555636833","1784185223973816436","-0.000874032371569317"
"2026-07-16 15:00:00.255","000852","2026-06-30","603323","苏农银行","0.088000","603323.SH","sh","801780.SI","银行",,,"4.25","4.28","4.19","4.26","4.23","0.03","0.007092198581560283","34901799","147941995.1","0.021276595744680816","0.05707196029776675","0.06234413965087282","0.08121827411167513","0.166727025803531","0.07432263443101292","1784185210339725035","0.000624113475177305"
"2026-07-16 15:00:00.255","000852","2026-06-30","603327","福蓉科技","0.027000","603327.SH","sh","801080.SI","电子",,,"8.57","8.57","8.51","8.57","7.79","0.78","0.10012836970474968","22776567","195193993.78","0.007702182284980808","0.041312272174969626","-0.0327313769751693","-0.12012320328542093","-0.1655306718597858","-0.20867959372114495","1784185233440901001","0.00270346598202824"
"2026-07-16 15:00:00.255","000852","2026-06-30","603328","依顿电子","0.064000","603328.SH","sh","801080.SI","电子",,,"9.53","9.77","9.33","9.57","9.62","-0.05","-0.005197505197505198","15707504","150788986.86","0.045738045738045685","-0.1424731182795699","-0.20382695507487522","-0.25698757763975155","-0.24252018363147063","-0.11910898379970544","1784185233440873760","-0.000332640332640333"
"2026-07-16 15:00:00.255","000852","2026-06-30","603337","杰克科技","0.071000","603337.SH","sh","801890.SI","机械设备",,,"38.5","39.5","37.71","39.21","38.42","0.79","0.02056220718375846","4676065","181290924.76","0.04659031754294636","0.05829959514170041","-0.0710732054015636","0.035110876451953536","-0.042490842490842486","-0.11669294886235639","1784185229133568526","0.00145991671004685"
"2026-07-16 15:00:00.255","000852","2026-06-30","603355","莱克电气","0.031000","603355.SH","sh","801110.SI","家用电器",,,"25.47","25.47","23.15","23.37","25.46","-2.09","-0.08208955223880596","4624529","111288604.39","0.09112333071484668","-0.09453700116234018","-0.18286713286713288","-0.1532608695652174","-0.17478813559322035","-0.27691831683168316","1784185233440897021","-0.00254477611940298"
"2026-07-16 15:00:00.255","000852","2026-06-30","603358","华达科技","0.105000","603358.SH","sh","801880.SI","汽车",,,"38.18","38.95","36.3","37.21","38.34","-1.13","-0.029473135106937918","8986231","338300463.7600","0.06911841418883669","-0.12281942479962281","-0.15508628519527703","-0.091552734375","-0.031494013534617386","-0.2569888178913738","1784185229133510895","-0.00309467918622848"
"2026-07-16 15:00:00.255","000852","2026-06-30","603360","百傲化学","0.059000","603360.SH","sh","801030.SI","基础化工",,,"13.59","13.78","13.2","13.28","13.7","-0.42","-0.030656934306569343","9263979","124891236.32","0.042335766423357665","-0.09598366235534377","-0.19515151515151516","-0.17361543248288736","-0.42160278745644597","-0.5896168108776266","1784185231743254429","-0.00180875912408759"
"2026-07-16 15:00:00.255","000852","2026-06-30","603376","大明电子","0.008000","603376.SH","sh","801880.SI","汽车",,,"24.01","25.07","24","24.7","24.22","0.48","0.01981833195706028","1269962","31367384.24","0.04417836498761356","0.032177183451734225","-0.0381619937694704","0.013125512715340444","-0.1569965870307167","-0.33333333333333337","1784185249638805507","0.000158546655656482"
"2026-07-16 15:00:00.255","000852","2026-06-30","603393","新天然气","0.056000","603393.SH","sh","801160.SI","公用事业",,,"23.75","24.1","23.31","23.86","23.75","0.11","0.0046315789473684215","7804488","185287987.48","0.03326315789473695","0.07866184448462929","0.055285272003538256","0.06565430995980348","-0.11596887736198593","-0.12020648967551621","1784185223973681965","0.000259368421052632"
"2026-07-16 15:00:00.255","000852","2026-06-30","603395","红四方","0.016000","603395.SH","sh","801030.SI","基础化工",,,"21.2","22.85","21.07","22.17","21.19","0.98","0.046248230297310046","6005320","132373546.26","0.08400188768286933","0.1057356608478803","0.06484149855907781","0.09050664043285786","-0.07517103287168363","-0.25055777161787574","1784185235281920305","0.000739971684756961"
"2026-07-16 15:00:00.255","000852","2026-06-30","603402","陕西旅游","0.018000","603402.SH","sh","801210.SI","社会服务",,,"60.6","63.37","60.13","62.6","61","1.6","0.02622950819672131","1974530","122724194.1","0.05311475409836069","0.06281833616298813","0.020374898125509373","0.04769874476987448","0.20769406392694062","-0.16959183673469388","1784185233002971192","0.000472131147540984"
"2026-07-16 15:00:00.255","000852","2026-06-30","603406","天富龙","0.011000","603406.SH","sh","801030.SI","基础化工",,,"25.99","26.52","25.8","26.34","26.08","0.26","0.009969325153374235","995105","26228702.27","0.02760736196319014","0.03823413480488766","-0.017897091722595078","0.020930232558139535","-0.10862944162436548","-0.34882571075401725","1784185228161496277","0.000109662576687117"
"2026-07-16 15:00:00.255","000852","2026-06-30","603418","友升股份","0.026000","603418.SH","sh","","未映射","","","44","44.44","43.7","44.26","44","0.26","0.005909090909090909","749547","33091938.5","0.0168181818181817","0.01188843164151806","-0.0532620320855615","-0.03341340904127539","-0.10945674044265594","-0.24134384641755227","1784185208191523796","0.000153636363636364"
"2026-07-16 15:00:00.255","000852","2026-06-30","603456","九洲药业","0.075000","603456.SH","sh","801150.SI","医药生物",,,"15.6","16.3","15.35","16.03","15.89","0.14","0.00881057268722467","45042010","718531648.06","0.05978602894902461","0.14910394265232976","0.09494535519125682","0.2484423676012461","0.30537459283387625","-0.12833061446438282","1784185251479188114","0.00066079295154185"
"2026-07-16 15:00:00.255","000852","2026-06-30","603477","巨星农牧","0.048000","603477.SH","sh","801010.SI","农林牧渔",,,"15.6","16.36","15.52","15.87","15.82","0.05","0.003160556257901391","23891169","378830075.06","0.053097345132743355","0.03185955786736021","0.04339250493096647","0.20294710671133817","0.009375039751695012","-0.07746503435527187","1784185233440986401","0.000151706700379267"
"2026-07-16 15:00:00.255","000852","2026-06-30","603496","恒为科技","0.053000","603496.SH","sh","801750.SI","计算机",,,"22.5","25.08","22.07","25.08","22.8","2.28","0.09999999999999999","24499873","597720227.09","0.1320175438596492","-0.02828361100348702","0.10338759348878135","0.10048266783677053","0.02534750613246116","-0.10460549803641557","1784185225772564764","0.0053"
"2026-07-16 15:00:00.255","000852","2026-06-30","603505","金石资源","0.087000","603505.SH","sh","801030.SI","基础化工",,,"15.76","16.03","15.68","15.84","15.93","-0.09","-0.005649717514124294","14853605","235615155.25","0.02197112366603901","-0.07476635514018691","-0.2845528455284553","-0.16675433982114674","-0.19266055045871558","-0.15112540192926044","1784185221829550441","-0.000491525423728814"
"2026-07-16 15:00:00.255","000852","2026-06-30","603508","思维列控","0.042000","603508.SH","sh","801750.SI","计算机",,,"22.2","22.4","21.97","22.13","22.2","-0.07","-0.0031531531531531535","3454025","76479583.52","0.01936936936936952","0.014672168729940396","-0.0031531531531531535","0.04485363550519358","-0.013814616755793225","-0.16145655715963778","1784185215219536336","-0.000132432432432432"
"2026-07-16 15:00:00.255","000852","2026-06-30","603516","淳中科技","0.196000","603516.SH","sh","801750.SI","计算机",,,"97.85","100.59","95.02","97.09","98.14","-1.05","-0.010699001426533523","6863001","669187376.87","0.056755655186468384","-0.09951771470970136","-0.18143495489419104","-0.20955792558821135","-0.16732418524871356","-0.5681434036117784","1784185235281934655","-0.00209700427960057"
"2026-07-16 15:00:00.255","000852","2026-06-30","603530","神马电力","0.068000","603530.SH","sh","801730.SI","电力设备",,,"46.5","46.5","42.63","42.85","45.65","-2.80","-0.06133625410733844","3008900","131728021.76","0.08477546549835702","-0.12515312372396897","-0.17117988394584138","-0.17389627915943706","-0.237680128091087","0.06539035305818001","1784185229133535935","-0.00417086527929901"
"2026-07-16 15:00:00.255","000852","2026-06-30","603533","掌阅科技","0.055000","603533.SH","sh","801760.SI","传媒",,,"18.57","20.1","18.44","19.5","18.61","0.89","0.047823750671681896","27016171","522050377.65","0.08919935518538422","0.03229221810481736","0.01246105919003115","-0.02548725637181409","-0.21148402749696726","-0.14021164021164023","1784185248093868617","0.0026303062869425"
"2026-07-16 15:00:00.255","000852","2026-06-30","603556","海兴电力","0.044000","603556.SH","sh","801730.SI","电力设备",,,"23.17","23.38","22.56","23.31","23.25","0.06","0.0025806451612903226","7077551","162860150.39","0.03526881720430109","0.11959654178674352","0.05475113122171945","0.13596491228070176","-0.11469806304595519","-0.3253256150506513","1784185242956426690","0.000113548387096774"
"2026-07-16 15:00:00.255","000852","2026-06-30","603567","珍宝岛","0.025000","603567.SH","sh","801150.SI","医药生物",,,"4.92","5.48","4.87","5.48","4.98","0.50","0.1004016064257028","46268325","238262495.14","0.12248995983935748","0.18614718614718614","0.1440501043841336","0.2803738317757009","-0.25745257452574527","-0.4017467248908297","1784185235281909105","0.00251004016064257"
"2026-07-16 15:00:00.255","000852","2026-06-30","603583","捷昌驱动","0.045000","603583.SH","sh","801890.SI","机械设备",,,"24.14","24.48","23.81","24.3","24.26","0.04","0.0016488046166529267","5051335","122461673.64","0.02761747732893659","0.06813186813186814","-0.04104183109707972","0.13023255813953488","-0.05003909304143863","-0.3509615384615385","1784185205570745618","7.41962077493817E-05"
"2026-07-16 15:00:00.255","000852","2026-06-30","603588","高能环境","0.300000","603588.SH","sh","801970.SI","环保",,,"13.5","13.68","12.82","12.9","13.61","-0.71","-0.05216752387950037","65458605","866132783.45","0.06318883174136661","-0.1861198738170347","-0.3484848484848485","-0.3221229637414608","0.0420032310177706","0.6125","1784185233002856231","-0.0156502571638501"
"2026-07-16 15:00:00.255","000852","2026-06-30","603599","广信股份","0.054000","603599.SH","sh","801030.SI","基础化工",,,"10","10.09","9.79","9.95","10","-0.05","-0.005","8591916","85411388.52","0.029999999999999895","0.07451403887688984","0.032157676348547715","0.022610483042137718","-0.0846366145354186","-0.12334801762114538","1784185228161540988","-0.00027"
"2026-07-16 15:00:00.255","000852","2026-06-30","603612","索通发展","0.074000","603612.SH","sh","801030.SI","基础化工",,,"15.52","15.93","15.3","15.35","15.68","-0.33","-0.02104591836734694","11913839","185734030.09","0.04017857142857137","-0.04599129894344313","-0.12335808109651628","-0.14197875908328675","-0.2749173358526216","-0.3815471394037067","1784185231743323800","-0.00155739795918367"
"2026-07-16 15:00:00.255","000852","2026-06-30","603613","国联股份","0.095000","603613.SH","sh","801200.SI","商贸零售",,,"18.15","18.29","17.81","18.01","17.91","0.10","0.005583472920156337","10720919","193916205.53","0.026800670016750443","-0.0005549389567147614","-0.08299389002036658","-0.03586723768736617","-0.24264087468460888","-0.3611209648811635","1784185249112687573","0.000530429927414852"
"2026-07-16 15:00:00.255","000852","2026-06-30","603619","中曼石油","0.089000","603619.SH","sh","","未映射","","","19.2","19.37","18.18","18.36","19.42","-1.06","-0.05458290422245108","39831497","738996649.57","0.06127703398558194","-0.03419253024723829","-0.04175365344467641","-0.020277481323372468","-0.29193983802545315","-0.21100128921357972","1784185228161608268","-0.00485787847579815"
"2026-07-16 15:00:00.255","000852","2026-06-30","603638","艾迪精密","0.082000","603638.SH","sh","801890.SI","机械设备",,,"20.98","21.4","20.34","20.54","21.02","-0.48","-0.022835394862036156","13938725","290606011.03","0.05042816365366329","-0.08913525498891352","-0.2637992831541219","-0.09034543844109832","-0.09595070422535212","0.08390501319261215","1784185229133505115","-0.00187250237868696"
"2026-07-16 15:00:00.255","000852","2026-06-30","603662","柯力传感","0.103000","603662.SH","sh","801890.SI","机械设备",,,"57.33","59.27","56.65","57","58.05","-1.05","-0.018087855297157625","6886888","398807275.3","0.045133505598621955","-0.10419613389910419","-0.2875","-0.12348147009072734","-0.10560175741409071","-0.19286321155480032","1784185231743317200","-0.00186304909560724"
"2026-07-16 15:00:00.255","000852","2026-06-30","603663","三祥新材","0.209000","603663.SH","sh","801030.SI","基础化工",,,"68.94","69.02","62.86","63.5","68.61","-5.11","-0.0744789389301851","14046799","919604050.51","0.08978283049118199","-0.20256184854954162","-0.25982049189882267","-0.3282555802390775","-0.0031397174254317113","0.7827063447501404","1784185234132503025","-0.0155660982364087"
"2026-07-16 15:00:00.255","000852","2026-06-30","603667","五洲新春","0.180000","603667.SH","sh","801890.SI","机械设备",,,"58.03","60.27","57.71","58.18","59.3","-1.12","-0.01888701517706577","13965721","824161062.15","0.04317032040472179","-0.024643755238893547","-0.23598161523309255","-0.04088361358391032","-0.21906040268456375","-0.21335857220118984","1784185223973791075","-0.00339966273187184"
"2026-07-16 15:00:00.255","000852","2026-06-30","603678","火炬电子","0.243000","603678.SH","sh","801740.SI","国防军工",,,"55.04","55.04","50","50.96","55.28","-4.32","-0.07814761215629523","22823074","1203012702.56","0.0911722141823444","-0.1974803149606299","-0.4038371548900328","-0.3589130708265191","0.08080593849416755","0.4250559284116331","1784185245122760775","-0.0189898697539797"
"2026-07-16 15:00:00.255","000852","2026-06-30","603690","至纯科技","0.111000","603690.SH","sh","801080.SI","电子",,,"27.2","28.76","26.45","26.69","28.08","-1.39","-0.0495014245014245","29935929","822595540.69","0.08226495726495735","-0.2061273051754908","-0.18329253365973072","-0.24795717103409412","-0.03611412062116287","-0.16853582554517132","1784185249638922478","-0.00549465811965812"
"2026-07-16 15:00:00.255","000852","2026-06-30","603693","江苏新能","0.023000","603693.SH","sh","801160.SI","公用事业",,,"11.3","11.4","11.14","11.22","11.34","-0.12","-0.010582010582010581","6564310","73822581.6","0.022927689594356242","-0.014925373134328358","-0.11653543307086614","-0.11861743912018853","-0.3668171557562077","-0.04020530367835757","1784185246736797786","-0.000243386243386243"
"2026-07-16 15:00:00.255","000852","2026-06-30","603698","航天工程","0.085000","603698.SH","sh","","未映射","","","29.09","29.78","28.93","28.93","32.14","-3.21","-0.0998755444928438","40397379","1174757185.77","0.02644679527069077","-0.2781936127744511","-0.3152662721893491","-0.3357060849598163","-0.16987087517934002","-0.24366013071895426","1784185248093977458","-0.00848942128189172"
"2026-07-16 15:00:00.255","000852","2026-06-30","603707","健友股份","0.035000","603707.SH","sh","801150.SI","医药生物",,,"7.98","8.33","7.88","8.28","7.99","0.29","0.03629536921151439","25641368","208766008.56","0.056320400500625804","0.143646408839779","0.08376963350785341","0.21052631578947367","0.06426735218508997","-0.084070796460177","1784185208191493146","0.001270337922403"
"2026-07-16 15:00:00.255","000852","2026-06-30","603713","密尔克卫","0.069000","603713.SH","sh","","未映射","","","69.75","70.56","64.8","64.8","72","-7.2","-0.1","6366228","426310950.97","0.08000000000000007","-0.14748059465859756","-0.18212798182506626","-0.14759273875295975","0.15652329109405674","0.1569362613818961","1784185208191487836","-0.0069"
"2026-07-16 15:00:00.255","000852","2026-06-30","603730","岱美股份","0.049000","603730.SH","sh","801880.SI","汽车",,,"11.11","11.28","10.4","10.7","11.01","-0.31","-0.02815622161671208","25853648","277682626.02","0.07992733878292453","-0.04378909740840036","-0.1769230769230769","-0.04293381037567084","-0.1686091686091686","0.3193588162762022","1784185210339690855","-0.00137965485921889"
"2026-07-16 15:00:00.255","000852","2026-06-30","603733","仙鹤股份","0.059000","603733.SH","sh","801140.SI","轻工制造",,,"20","20","18.88","19.06","19.94","-0.88","-0.04413239719157472","13819334","265663586.79","0.05616850551654969","-0.15288888888888888","-0.2314516129032258","-0.24842271293375395","-0.14221422142214224","-0.15812720848056536","1784185242956404820","-0.00260381143430291"
"2026-07-16 15:00:00.255","000852","2026-06-30","603809","豪能股份","0.058000","603809.SH","sh","","未映射","","","9","9.08","8.9","8.94","9","-0.06","-0.006666666666666666","9013176","80906353.92","0.01999999999999997","0.017064846416382253","-0.08961303462321792","0.03472222222222222","-0.1278048780487805","-0.36279401282965074","1784185245122044270","-0.000386666666666667"
"2026-07-16 15:00:00.255","000852","2026-06-30","603826","坤彩科技","0.052000","603826.SH","sh","801030.SI","基础化工",,,"16.32","16.7","16.01","16.11","16.6","-0.49","-0.029518072289156625","8909453","145129056.65","0.041566265060240824","-0.041510297482837535","-0.12004201680672269","-0.20939977349943378","-0.3528121137206428","0.2290492957746479","1784185228161603268","-0.00153493975903614"
"2026-07-16 15:00:00.255","000852","2026-06-30","603866","桃李面包","0.024000","603866.SH","sh","","未映射","","","4.14","4.2","4.1","4.17","4.14","0.03","0.007246376811594203","14296845","59370576.95","0.024154589371980808","0.10026385224274406","0.07751937984496124","0.127027027027027","-0.02112676056338028","-0.15071283095723015","1784185248093894467","0.000173913043478261"
"2026-07-16 15:00:00.255","000852","2026-06-30","603871","嘉友国际","0.072000","603871.SH","sh","801170.SI","交通运输",,,"11.72","11.83","11.3","11.44","11.72","-0.28","-0.023890784982935155","9883560","113096906","0.04522184300341291","0.026929982046678635","0.029702970297029705","0.08848715509039011","0.02877697841726619","-0.1462686567164179","1784185249112694503","-0.00172013651877133"
"2026-07-16 15:00:00.255","000852","2026-06-30","603876","鼎胜新材","0.149000","603876.SH","sh","801050.SI","有色金属",,,"21.1","21.28","19.93","19.98","20.96","-0.98","-0.04675572519083969","25050561","513094253.88","0.06440839694656494","-0.0834862385321101","-0.16957605985037408","-0.25","-0.24030418250950572","0.35182679296346414","1784185223973761285","-0.00696660305343511"
"2026-07-16 15:00:00.255","000852","2026-06-30","603881","数据港","0.133000","603881.SH","sh","801770.SI","通信",,,"24.68","25.87","24.3","25.38","24.05","1.33","0.055301455301455305","60226534","1521693271.84","0.06528066528066528","0.03931203931203931","0.006743355811186038","0.04358552631578948","-0.013709276970573631","0.16336041152053782","1784185210339766536","0.00735509355509356"
"2026-07-16 15:00:00.255","000852","2026-06-30","603883","老百姓","0.051000","603883.SH","sh","801150.SI","医药生物",,,"12.22","12.58","12.11","12.5","12.33","0.17","0.013787510137875103","17628515","218345504.14","0.03811841038118415","0.11012433392539965","0.08979947689625109","0.19617224880382775","0.0831889081455806","-0.13134120917303682","1784185249112689033","0.00070316301703163"
"2026-07-16 15:00:00.255","000852","2026-06-30","603887","城地香江","0.058000","603887.SH","sh","801750.SI","计算机",,,"8.4","8.94","8.4","8.67","8.57","0.10","0.011668611435239206","18114369","158360526.92","0.06301050175029162","-0.02144469525959368","-0.07667731629392971","-0.11168032786885247","-0.32159624413145543","-0.3735549132947977","1784185228161556528","0.000676779463243874"
"2026-07-16 15:00:00.255","000852","2026-06-30","603888","新华网","0.047000","603888.SH","sh","801760.SI","传媒",,,"17.28","17.64","17.13","17.47","17.3","0.17","0.009826589595375723","9035381","157666912.9","0.029479768786127257","0.024633431085043987","0.018065268065268064","0.015697674418604653","-0.0515743756786102","-0.13127797115862755","1784185242956409070","0.000461849710982659"
"2026-07-16 15:00:00.255","000852","2026-06-30","603915","国茂股份","0.039000","603915.SH","sh","801890.SI","机械设备",,,"13.4","13.68","13.3","13.4","13.62","-0.22","-0.016152716593245228","6245340","84166149.84","0.027900146842878046","-0.04761904761904762","-0.16406737367436056","-0.04217298070050036","-0.2042755344418052","-0.2522321428571428","1784185221829568042","-0.000629955947136564"
"2026-07-16 15:00:00.255","000852","2026-06-30","603919","金徽酒","0.031000","603919.SH","sh","","未映射","","","14.72","15.12","14.55","14.92","14.92","0.00","0.0","11562313","172304056.09","0.03820375335120645","0.05516265912305516","-0.064576802507837","-0.08241082410824108","-0.24608388074785248","-0.24836272040302262","1784185235281926685","0"
"2026-07-16 15:00:00.255","000852","2026-06-30","603927","中科软","0.076000","603927.SH","sh","801750.SI","计算机",,,"12.97","13.3","12.88","13.15","12.99","0.16","0.012317167051578136","11672745","153379150.33","0.032332563510392605","0.02654176424668228","0.02255054432348367","0.050319488817891375","-0.10422343324250681","-0.3053354463814052","1784185249112672343","0.000936104695919938"
"2026-07-16 15:00:00.255","000852","2026-06-30","603929","亚翔集成","0.238000","603929.SH","sh","801720.SI","建筑装饰",,,"195.22","200.5","185.1","188.29","202.57","-14.28","-0.07049415017031149","6527103","1257513165.53","0.07602310312484577","-0.10158412062219677","-0.20178896943490612","-0.278167529231359","0.1760039972518893","0.8505159705159706","1784185223973798006","-0.0167776077405341"
"2026-07-16 15:00:00.255","000852","2026-06-30","603950","长源东谷","0.112000","603950.SH","sh","","未映射","","","62.34","69.44","61.24","67.52","63.13","4.39","0.06953904641216536","12711628","862534511.32","0.12989070172659584","-0.12538860103626942","-0.19350215002388915","-0.03224881754335675","-0.1040339702760085","1.3036506311838965","1784185233002903942","0.00778837319816252"
"2026-07-16 15:00:00.255","000852","2026-06-30","603983","丸美生物","0.023000","603983.SH","sh","801980.SI","美容护理",,,"28.26","29.14","28.03","28.56","28.61","-0.05","-0.0017476406850751487","4074419","116455302.24","0.03879762320866828","-0.06329944244014431","-0.0205761316872428","0.22838709677419353","0.25925925925925924","-0.15","1784185245889416146","-4.01957357567284E-05"
"2026-07-16 15:00:00.255","000852","2026-06-30","603992","松霖科技","0.044000","603992.SH","sh","","未映射","","","24.26","24.26","23.48","23.7","24.16","-0.46","-0.01903973509933775","3201066","76216920.33","0.03228476821192058","-0.10396975425330814","-0.27677754043332314","-0.23622300999033194","-0.164021164021164","-0.41278493557978196","1784185208191540186","-0.000837748344370861"
"2026-07-16 15:00:00.255","000852","2026-06-30","603997","继峰股份","0.093000","603997.SH","sh","801880.SI","汽车",,,"12.52","12.67","12.23","12.47","12.48","-0.01","-0.0008012820512820513","13477300","168064334","0.035256410256410214","0.10061782877316856","0.012997562956945572","0.06763698630136987","-0.11055634807417974","-0.1015850144092219","1784185246736797486","-7.45192307692308E-05"
"2026-07-16 15:00:00.255","000852","2026-06-30","605011","杭州热电","0.013000","605011.SH","sh","","未映射","","","17.01","17.25","16.71","16.8","17","-0.2","-0.011764705882352941","5362300","90561762.85","0.03176470588235289","0.05793450881612091","-0.03392754456584243","0.08527131782945736","-0.2429022082018927","-0.1670798215171046","1784185237447691194","-0.000152941176470588"
"2026-07-16 15:00:00.255","000852","2026-06-30","605020","永和股份","0.128000","605020.SH","sh","","未映射","","","36.37","36.58","34.2","34.57","36.76","-2.19","-0.059575625680087056","20786663","735413072.16","0.06474428726877028","-0.08423841059602649","-0.22679490046969358","-0.16132945172246482","0.031324582338902146","0.3245210727969349","1784185244258036144","-0.00762568008705114"
"2026-07-16 15:00:00.255","000852","2026-06-30","605090","九丰能源","0.161000","605090.SH","sh","801160.SI","公用事业",,,"39.7","39.7","37.44","37.82","41.6","-3.78","-0.09086538461538461","45327248","1737289904.09","0.054326923076923196","0.09527946713003185","0.04764542936288088","0.079337899543379","0.01776103336921421","-0.1429866304101518","1784185246736780706","-0.0146293269230769"
"2026-07-16 15:00:00.255","000852","2026-06-30","605099","共创草坪","0.015000","605099.SH","sh","801140.SI","轻工制造",,,"31.03","31.81","30.8","31.59","31.26","0.33","0.01055662188099808","1391300","43765538","0.03230966090850933","0.00926517571884984","-0.028597785977859776","0.0","-0.21922886801779534","-0.07820250948351327","1784185242956399950","0.000158349328214971"
"2026-07-16 15:00:00.255","000852","2026-06-30","605111","新洁能","0.338000","605111.SH","sh","801080.SI","电子",,,"63.8","64.46","58.98","59.11","64.78","-5.67","-0.08752701451065144","22125618","1365566469.98","0.08459401049706705","-0.25722543352601157","-0.26816887458214683","-0.288945025863106","-0.1448008055742031","0.6470503003756088","1784185215219563987","-0.0295841309046002"
"2026-07-16 15:00:00.255","000852","2026-06-30","605116","奥锐特","0.024000","605116.SH","sh","801150.SI","医药生物",,,"20.6","21.21","20.25","21.19","20.7","0.49","0.023671497584541065","5325987","111117373.73","0.04637681159420294","0.10479666319082377","0.01630695443645084","0.12413793103448274","0.11761603375527425","-0.1637726913970008","1784185205570773938","0.000568115942028986"
"2026-07-16 15:00:00.255","000852","2026-06-30","605118","力鼎光电","0.019000","605118.SH","sh","801750.SI","计算机",,,"30.2","31.29","30","30.17","30.78","-0.61","-0.0198180636777128","2999215","91541126.35","0.041910331384015564","-0.13154864709268854","-0.16565265486725667","-0.0716923076923077","-0.16588332872546308","0.024100475220638153","1784185248093875078","-0.000376543209876543"
"2026-07-16 15:00:00.255","000852","2026-06-30","605123","派克新材","0.060000","605123.SH","sh","801740.SI","国防军工",,,"78.56","79.86","77.2","78.45","79.1","-0.65","-0.008217446270543617","1653430","130108596.64","0.03362831858407075","-0.13791208791208792","-0.23388671874999997","-0.1746449237243556","-0.2831688596491228","-0.23276283618581908","1784185205570803568","-0.000493046776232617"
"2026-07-16 15:00:00.255","000852","2026-06-30","605196","华通线缆","0.096000","605196.SH","sh","801730.SI","电力设备",,,"25.16","25.58","24.28","24.53","24.92","-0.39","-0.015650080256821828","23650948","588164582.44","0.05216693418940613","0.046501706484641636","-0.07433962264150944","-0.060513213328226734","-0.3778848592442303","-0.3049022385945027","1784185241731575725","-0.0015024077046549"
"2026-07-16 15:00:00.255","000852","2026-06-30","605198","安德利","0.035000","605198.SH","sh","801010.SI","农林牧渔",,,"56","56.07","53.61","53.83","56.15","-2.32","-0.041317898486197685","1902800","104251448","0.0438112199465717","-0.08762711864406779","-0.18315629742033382","-0.1556078431372549","-0.0262301013024602","0.4462654486835035","1784185233440926201","-0.00144612644701692"
"2026-07-16 15:00:00.255","000852","2026-06-30","605296","神农集团","0.020000","605296.SH","sh","801010.SI","农林牧渔",,,"30.55","32.77","30","31.74","30.7","1.04","0.033876221498371335","7423261","231118952.56","0.09022801302931606","0.107466852756455","0.09072164948453608","0.16562614763128902","0.1932330827067669","0.0888507718696398","1784185245122049010","0.000677524429967427"
"2026-07-16 15:00:00.255","000852","2026-06-30","605333","沪光股份","0.024000","605333.SH","sh","801880.SI","汽车",,,"16.28","16.85","15.94","16.53","16.08","0.45","0.027985074626865676","3498456","57712675.92","0.056592039800995135","0.020370370370370372","-0.08421052631578947","0.0","-0.19951573849878937","-0.48311444652908064","1784185234132497555","0.000671641791044776"
"2026-07-16 15:00:00.255","000852","2026-06-30","605376","博迁新材","0.510000","605376.SH","sh","801050.SI","有色金属",,,"179.92","183.44","166.02","166.02","184.47","-18.45","-0.10001626280696048","14007488","2428586817.52","0.0944326990838618","-0.1977772408794395","-0.302729945401092","-0.37113636363636365","-0.08905349794238683","1.522716912323355","1784185228161505157","-0.0510082940315498"
"2026-07-16 15:00:00.255","000852","2026-06-30","605507","国邦医药","0.059000","605507.SH","sh","","未映射","","","15.78","16.53","15.56","16.41","15.69","0.72","0.045889101338432124","12632946","204592847.38","0.06182281708094332","0.11254237288135592","0.041243654822335024","0.1163265306122449","0.5812979351032448","0.3798198198198198","1784185233002972302","0.0027074569789675"
"2026-07-16 15:00:00.255","000852","2026-06-30","605555","德昌股份","0.025000","605555.SH","sh","801110.SI","家用电器",,,"11.8","12.03","11.66","11.84","11.8","0.04","0.003389830508474576","4023268","47718829.52","0.03135593220338991","-0.035830618892508145","-0.13576642335766426","0.011965811965811968","-0.2064343163538874","-0.3544165757906216","1784185225772559795","8.47457627118644E-05"
"2026-07-16 15:00:00.255","000852","2026-06-30","605599","菜百股份","0.044000","605599.SH","sh","801130.SI","纺织服饰",,,"14.65","14.79","14.46","14.65","14.62","0.03","0.002051983584131327","5451500","79603947","0.0225718194254446","0.08277900960827791","-0.011470985155195682","0.0562364816149964","0.025192442267319804","-0.052393272962483826","1784185241731560465","9.02872777017784E-05"
"2026-07-16 15:00:00.255","000852","2026-06-30","688001","华兴源创","0.124000","688001.SH","sh_star","801890.SI","机械设备",,,"62.5","64.74","60","60.82","62.99","-2.17","-0.0344499126845531","10633227","659404323.21","0.07525003968883942","-0.10703274115401556","-0.1614273108316788","-0.30577116245091773","-0.19055604354654102","0.979946611107494","1784185228161520987","-0.00427178917288458"
"2026-07-16 15:00:00.255","000852","2026-06-30","688003","天准科技","0.127000","688003.SH","sh_star","801890.SI","机械设备",,,"85.5","87.49","81","82","86.79","-4.79","-0.05519069017167876","4627354","389595217.35","0.07477820025348536","-0.2028774181005152","-0.260595130748422","-0.358974358974359","-0.2633186595993172","0.33877551020408164","1784185231743347221","-0.0070092176518032"
"2026-07-16 15:00:00.255","000852","2026-06-30","688005","容百科技","0.157000","688005.SH","sh_star","801730.SI","电力设备",,,"25.11","25.45","24.56","24.64","25.27","-0.63","-0.024930747922437674","12157503","304101470.5700","0.03521962801741183","-0.09111029140538547","-0.1203141735094609","-0.15442690459849004","-0.23785957315187134","-0.29317269076305225","1784185219057505260","-0.00391412742382271"
"2026-07-16 15:00:00.255","000852","2026-06-30","688006","杭可科技","0.091000","688006.SH","sh_star","","未映射","","","24.4","24.95","22.66","22.79","24.48","-1.69","-0.06903594771241829","13214010","312113820.28","0.09354575163398689","-0.17006554989075018","-0.25837943377806705","-0.35893108298171594","-0.417254781630357","-0.24705960089863882","1784185249638860608","-0.00628227124183006"
"2026-07-16 15:00:00.255","000852","2026-06-30","688016","心脉医疗","0.067000","688016.SH","sh_star","801150.SI","医药生物",,,"92.93","95.78","91.93","94.2","93.52","0.68","0.0072711719418306255","2350941","221856948.04","0.041167664670658626","0.05098739261408011","0.005336179295624333","0.09433085501858736","-0.06380441264162194","0.003836317135549872","1784185241731616065","0.000487168520102652"
"2026-07-16 15:00:00.255","000852","2026-06-30","688025","杰普特","0.321000","688025.SH","sh_star","801890.SI","机械设备",,,"388","406.56","366.67","372.5","407.03","-34.53","-0.08483404171682678","3831490","1475339759.52","0.09800260423064634","-0.16292134831460675","-0.056962025316455694","-0.21215710327615744","-0.13249027690444584","1.6758135191437395","1784185244258056664","-0.0272317273911014"
"2026-07-16 15:00:00.255","000852","2026-06-30","688029","南微医学","0.083000","688029.SH","sh_star","801150.SI","医药生物",,,"78.56","78.97","76.51","78","78.97","-0.97","-0.01228314549829049","2253585","175155828.21","0.031151070026592297","0.05963863605488384","0.03792415169660678","0.11683848797250859","-0.0090204548342015","-0.07032181168057211","1784185229133507785","-0.00101950107635811"
"2026-07-16 15:00:00.255","000852","2026-06-30","688031","星环科技","0.100000","688031.SH","sh_star","","未映射","","","98.96","101.46","96.96","98.26","100.42","-2.16","-0.021509659430392354","3526849","348566401.8200","0.044811790479984064","-0.053827636013480985","-0.07763071435276447","-0.08603850804576318","-0.15073465859982715","-0.06659067160634559","1784185215219488426","-0.00215096594303924"
"2026-07-16 15:00:00.255","000852","2026-06-30","688032","禾迈股份","0.043000","688032.SH","sh_star","801730.SI","电力设备",,,"75.77","77.6","75.18","76.52","76.15","0.37","0.0048588312541037425","990409","75694761.21","0.03177938279711098","-0.018722749422928956","-0.07796120014459573","-0.04790344655966156","-0.2373168543805442","-0.24417226392730146","1784185245889393366","0.000208929743926461"
"2026-07-16 15:00:00.255","000852","2026-06-30","688048","长光华芯","0.635000","688048.SH","sh_star","801080.SI","电子",,,"420.59","455","409","426.51","447","-20.49","-0.04583892617449664","10498608","4534326823.2","0.1029082774049217","-0.09721869443738887","0.0387481734047735","0.07704545454545456","0.07818898832094646","2.3256140350877192","1784185233002895081","-0.0291077181208054"
"2026-07-16 15:00:00.255","000852","2026-06-30","688050","爱博医疗","0.051000","688050.SH","sh_star","801150.SI","医药生物",,,"42.25","44.08","41.6","43.69","42.36","1.33","0.03139754485363551","5831693","252004272.58","0.058545797922568386","0.05556897801401304","0.09389083625438158","0.20490899062327633","0.046717776712985146","-0.30174204890522616","1784185223973759155","0.00160127478753541"
"2026-07-16 15:00:00.255","000852","2026-06-30","688062","迈威生物","0.069000","688062.SH","sh_star","","未映射","","","35.01","36","33.9","34.52","35.38","-0.86","-0.02430751837196156","13338841","468066432.35","0.05935556811758059","0.11175523349436393","0.07673112913287584","0.33694810224632066","0.12847335730630927","-0.1617289946576008","1784185251479191074","-0.00167721876766535"
"2026-07-16 15:00:00.255","000852","2026-06-30","688063","派能科技","0.094000","688063.SH","sh_star","","未映射","","","45.08","45.38","43.96","44.16","45.34","-1.18","-0.02602558447287163","4472286","199498683.8","0.03131892368769302","-0.062420382165605096","-0.11979270480366752","-0.15418502202643172","-0.3916517426642788","-0.247853931053277","1784185244258549768","-0.00244640494044993"
"2026-07-16 15:00:00.255","000852","2026-06-30","688068","热景生物","0.058000","688068.SH","sh_star","801150.SI","医药生物",,,"133.21","145","129.16","143","139","4","0.02877697841726619","5749531","789066936.66","0.11395683453237412","0.1932576769025367","0.1628852565666423","0.904127829560586","0.6427340608845492","-0.18425556189389616","1784185245889425406","0.00166906474820144"
"2026-07-16 15:00:00.255","000852","2026-06-30","688083","中望软件","0.068000","688083.SH","sh_star","","未映射","","","51.21","52.07","50.55","51.4","51.41","-0.01","-0.00019451468585878235","2402791","123555593.39","0.029566232250534837","-0.07553956834532374","-0.1905511811023622","-0.11057276345388475","-0.15335200131774007","-0.25668835864063627","1784185208191481336","-1.32269986383972E-05"
"2026-07-16 15:00:00.255","000852","2026-06-30","688088","虹软科技","0.088000","688088.SH","sh_star","801750.SI","计算机",,,"33.99","35.45","33.68","34.02","33.3","0.72","0.021621621621621623","7660371","263443737.08","0.05315315315315325","-0.029386590584878747","-0.05631067961165048","0.019173157579388856","-0.18903456495828366","-0.3408254214299554","1784185205570841638","0.0019027027027027"
"2026-07-16 15:00:00.255","000852","2026-06-30","688091","上海谊众","0.051000","688091.SH","sh_star","801150.SI","医药生物",,,"43","44.5","41.97","43.99","43.41","0.58","0.013360976733471551","6679978","290428542.67","0.058281501958074196","0.056943777030273916","-0.00990321854602746","0.13172112168767688","-0.14748062015503877","-0.09504217239251184","1784185242956423540","0.000681409813407049"
"2026-07-16 15:00:00.255","000852","2026-06-30","688097","博众精工","0.144000","688097.SH","sh_star","801890.SI","机械设备",,,"49.5","51.02","47.9","48.23","50.07","-1.84","-0.03674855202716198","5205536","255710711.12","0.06231276213301387","-0.15608048993875767","-0.22159457714654615","-0.18323454699407282","-0.19090756584465696","0.26521511017838406","1784185244258049994","-0.00529179149191132"
"2026-07-16 15:00:00.255","000852","2026-06-30","688100","威胜信息","0.046000","688100.SH","sh_star","801770.SI","通信",,,"28.18","28.8","27.82","28.25","28.17","0.08","0.0028399006034788782","3024068","85526745.54","0.03478878239261627","-0.012928022361984625","-0.06580687830687831","-0.05927405927405927","-0.2652795838751625","-0.2685137234593475","1784185231743341580","0.000130635427760028"
"2026-07-16 15:00:00.255","000852","2026-06-30","688102","斯瑞新材","0.189000","688102.SH","sh_star","801050.SI","有色金属",,,"35.09","36.18","33.03","33.51","35.88","-2.37","-0.06605351170568562","17948185","621666341.64","0.08779264214046818","-0.1903841507610534","-0.3106356716724954","-0.23910081743869208","-0.11606436296491693","-0.1927246446639364","1784185242956402860","-0.0124841137123746"
"2026-07-16 15:00:00.255","000852","2026-06-30","688106","金宏气体","0.137000","688106.SH","sh_star","801080.SI","电子",,,"34.88","37.83","34.8","35.13","37.88","-2.75","-0.07259767687434002","47166529","1708528805.55","0.07998944033790903","-0.07674113009198423","-0.12175","0.018260869565217393","0.34700920245398775","0.7751389590702376","1784185217249843800","-0.00994588173178458"
"2026-07-16 15:00:00.255","000852","2026-06-30","688107","安路科技","0.075000","688107.SH","sh_star","801080.SI","电子",,,"36.85","40.3","36.2","36.34","36.32","0.02","0.0005506607929515419","17778852","670015989.32","0.11288546255506612","-0.1945921985815603","-0.09646941819990054","-0.15409683426443202","-0.1960176991150442","0.2936988252046992","1784185228161517418","4.12995594713656E-05"
"2026-07-16 15:00:00.255","000852","2026-06-30","688110","东芯股份","0.647000","688110.SH","sh_star","801080.SI","电子",,,"143.83","147.78","135.1","136.5","147.33","-10.83","-0.07350845041743025","18818635","2662561584.88","0.086065295594923","-0.22592718611772714","-0.23657718120805366","-0.28357738938749805","-0.07645466847090662","0.046137339055793994","1784185244258055274","-0.0475599674200774"
"2026-07-16 15:00:00.255","000852","2026-06-30","688116","天奈科技","0.144000","688116.SH","sh_star","801730.SI","电力设备",,,"31.18","31.8","30.57","30.74","30.91","-0.17","-0.005499838240051763","6860697","213296304.93","0.03979294726625689","-0.18977332630469163","-0.2316920769807548","-0.1733003442340792","-0.32192173644505223","-0.36584560795477994","1784185204830303140","-0.000791976706567454"
"2026-07-16 15:00:00.255","000852","2026-06-30","688123","聚辰股份","0.277000","688123.SH","sh_star","801080.SI","电子",,,"166.36","174.89","156.3","158.29","173.32","-15.03","-0.08671820909300715","12204079","2019153823.67","0.10725825063466422","-0.27095615327929257","-0.22406862745098038","-0.16443201013513514","0.11889446525765181","0.17591560805289352","1784185235281960625","-0.024020943918763"
"2026-07-16 15:00:00.255","000852","2026-06-30","688127","蓝特光学","0.203000","688127.SH","sh_star","801080.SI","电子",,,"72.47","74","69.5","69.98","72.52","-2.54","-0.035024820739106455","7841268","561126459.73","0.06205184776613348","-0.15339946769900797","-0.16986951364175565","-0.27863106896196266","-0.21459034792368128","0.829064296915839","1784185241731595545","-0.00711003861003861"
"2026-07-16 15:00:00.255","000852","2026-06-30","688128","中国电研","0.030000","688128.SH","sh_star","801890.SI","机械设备",,,"22.17","22.22","21.65","21.71","22.22","-0.51","-0.022952295229522954","2531371","55411975.26","0.025652565256525508","-0.050306211723534555","-0.11206543967280165","-0.06623655913978495","-0.14460204885736802","-0.25086266390614215","1784185237447672974","-0.000688568856885689"
"2026-07-16 15:00:00.255","000852","2026-06-30","688131","皓元医药","0.144000","688131.SH","sh_star","801150.SI","医药生物",,,"89","90","84","85.5","91.4","-5.9","-0.06455142231947483","8626861","755061089.34","0.06564551422319474","0.010041346721795628","-0.06903310104529617","-0.05","0.13050376834589447","0.14519153495847845","1784185244258032684","-0.00929540481400437"
"2026-07-16 15:00:00.255","000852","2026-06-30","688139","海尔生物","0.051000","688139.SH","sh_star","801150.SI","医药生物",,,"28.3","28.94","27.76","28.7","28.6","0.1","0.0034965034965034965","5342584","152103192.51","0.041258741258741245","0.064540059347181","0.03872602243937749","0.16194331983805668","-0.08917803871786734","-0.09720037747719408","1784185237447706964","0.000178321678321678"
"2026-07-16 15:00:00.255","000852","2026-06-30","688141","杰华特","0.425000","688141.SH","sh_star","801080.SI","电子",,,"133.84","136.1","120.05","121.85","133","-11.15","-0.08383458646616541","19760905","2503597365","0.12067669172932328","-0.3006370889054698","-0.2189102564102564","-0.16995912806539507","0.17729468599033818","1.6750823271130626","1784185244258554428","-0.0356296992481203"
"2026-07-16 15:00:00.255","000852","2026-06-30","688146","中船特气","0.570000","688146.SH","sh_star","801080.SI","电子",,,"240","262.99","231.5","255","250.35","4.65","0.018573996405032957","13997884","3514514037.01","0.125783902536449","-0.29867986798679863","-0.22760041194644698","-0.33869294605809125","0.9038659678358644","5.102230305350819","1784185219057495040","0.0105871779508688"
"2026-07-16 15:00:00.255","000852","2026-06-30","688147","微导纳米","0.308000","688147.SH","sh_star","801730.SI","电力设备",,,"125.87","128.5","120.01","121.21","125.88","-4.67","-0.03709882427708929","7345399","909314980.55","0.06744518589132503","-0.22796178343949045","-0.06046042942407565","-0.049497341635168834","0.5244239863165309","0.9060573657063782","1784185215219517466","-0.0114264378773435"
"2026-07-16 15:00:00.255","000852","2026-06-30","688150","莱特光电","0.142000","688150.SH","sh_star","801080.SI","电子",,,"48.87","51.42","47.85","49.03","49.67","-0.64","-0.012885041272397825","7589018","379091334.0700","0.07187437084759413","-0.1618803418803419","-0.1911910260640053","-0.23402593344789877","-0.16558883594281826","0.8165987402741757","1784185241731541875","-0.00182967586068049"
"2026-07-16 15:00:00.255","000852","2026-06-30","688153","唯捷创芯","0.057000","688153.SH","sh_star","801080.SI","电子",,,"29.86","31.38","28.7","28.98","30.01","-1.03","-0.03432189270243252","10730677","322066282.8","0.08930356547817393","-0.09182074584769666","-0.06996148908857511","-0.035607321131447586","-0.09010989010989011","-0.2466857291395893","1784185242956420530","-0.00195634788403865"
"2026-07-16 15:00:00.255","000852","2026-06-30","688158","优刻得","0.139000","688158.SH","sh_star","","未映射","","","33.61","35.18","32.96","33.91","33.85","0.06","0.0017725258493353027","23033149","785199149.83","0.06558345642540617","-0.081029810298103","-0.03252496433666191","-0.002940311673037342","-0.16785276073619632","0.10384114583333333","1784185242956424830","0.000246381093057607"
"2026-07-16 15:00:00.255","000852","2026-06-30","688165","埃夫特","0.055000","688165.SH","sh_star","","未映射","","","18.21","19.1","17.93","18.5","18.39","0.11","0.005981511691136487","12329809","229401098.95","0.06362153344208818","-0.061390157280568236","-0.2046431642304385","0.0335195530726257","-0.06376518218623481","-0.20327304048234282","1784185225772523944","0.000328983143012507"
"2026-07-16 15:00:00.255","000852","2026-06-30","688167","炬光科技","0.473000","688167.SH","sh_star","801080.SI","电子",,,"260.79","278.88","252","261.5","259.51","1.99","0.007668297946129244","8378682","2238005093.73","0.10357982351354475","-0.09515570934256055","-0.12174643157010916","-0.25566435158829554","0.18024160656019234","2.038764991985851","1784185246736807556","0.00362710492851913"
"2026-07-16 15:00:00.255","000852","2026-06-30","688177","百奥泰","0.021000","688177.SH","sh_star","801150.SI","医药生物",,,"19.3","19.5","18.66","19.12","19.35","-0.23","-0.011886304909560724","4582847","87575550.43","0.04341085271317829","0.07415730337078652","0.0241028387787895","0.18757763975155278","0.004729374671571203","-0.21316872427983538","1784185205570790468","-0.000249612403100775"
"2026-07-16 15:00:00.255","000852","2026-06-30","688182","灿勤科技","0.053000","688182.SH","sh_star","801770.SI","通信",,,"30.33","30.66","28.78","28.85","30.71","-1.86","-0.06056659068707262","8328336","246914559.03","0.06121784435037444","-0.22550335570469798","-0.28126557050323864","-0.3306264501160093","-0.21974306964164975","-0.06747474747474747","1784185235281913935","-0.00321002930641485"
"2026-07-16 15:00:00.255","000852","2026-06-30","688190","云路股份","0.045000","688190.SH","sh_star","801050.SI","有色金属",,,"68.87","69.79","67.61","68.59","69.49","-0.90","-0.012951503813498346","1268424","87281854.71","0.03137142034825165","-0.11416763528348184","-0.21160919540229886","-0.23831204886174348","-0.45906940063091484","-0.29665709598031176","1784185249112637393","-0.000582817671607426"
"2026-07-16 15:00:00.255","000852","2026-06-30","688195","腾景科技","0.250000","688195.SH","sh_star","","未映射","","","148.94","148.94","138.01","139.86","148.4","-8.54","-0.05754716981132075","4817993","691321766.27","0.07365229110512134","-0.14038106945298096","-0.15030376670716888","-0.2544776119402985","-0.19617484159584125","0.5704127720324206","1784185251479165444","-0.0143867924528302"
"2026-07-16 15:00:00.255","000852","2026-06-30","688205","德科立","0.238000","688205.SH","sh_star","801770.SI","通信",,,"157","162.5","152.8","154.46","161.43","-6.97","-0.04317660905655702","5804581","909804576.96","0.06008796382332893","-0.13670914375139728","-0.13273441886580573","-0.2662929887896637","-0.3799526313676689","0.12383585564610011","1784185244258557168","-0.0102760329554606"
"2026-07-16 15:00:00.255","000852","2026-06-30","688206","概伦电子","0.119000","688206.SH","sh_star","801750.SI","计算机",,,"44.59","46.99","43.07","43.42","46.15","-2.73","-0.05915492957746479","13941623","627055637.02","0.08494041170097512","-0.1802907306022277","0.06945812807881772","0.07581764122893955","0.03701934559350371","0.19056758979983549","1784185204830265450","-0.00703943661971831"
"2026-07-16 15:00:00.255","000852","2026-06-30","688208","道通科技","0.121000","688208.SH","sh_star","801750.SI","计算机",,,"25.34","27.3","25.3","27.18","24.77","2.41","0.09729511505853856","26198954","694983718.32","0.08074283407347597","0.08937875751503006","0.04578684109272797","0.1189790037052285","-0.20758017492711373","-0.24875621890547264","1784185228161573828","0.0117727089220832"
"2026-07-16 15:00:00.255","000852","2026-06-30","688232","新点软件","0.023000","688232.SH","sh_star","801750.SI","计算机",,,"18.2","18.55","17.84","18.32","17.87","0.45","0.025181869054280916","3178798","58135007.16","0.03973139339675438","0.020044543429844096","0.012154696132596685","0.07955215085444904","-0.09886866699458928","-0.2701195219123506","1784185205570776088","0.000579182988248461"
"2026-07-16 15:00:00.255","000852","2026-06-30","688252","天德钰","0.040000","688252.SH","sh_star","801080.SI","电子",,,"18.8","19.35","18.22","18.29","19.08","-0.79","-0.04140461215932915","8903485","167121506.5","0.05922431865828105","-0.21804189824711412","-0.1971027216856892","-0.18165548098434","-0.2382340691378592","-0.1640767824497258","1784185237447652263","-0.00165618448637317"
"2026-07-16 15:00:00.255","000852","2026-06-30","688262","国芯科技","0.119000","688262.SH","sh_star","801080.SI","电子",,,"36.5","38.03","32.77","32.99","37.04","-4.05","-0.10934125269978401","25726762","905267921.51","0.14200863930885524","-0.292211971679897","-0.13751633986928105","-0.17771684945164506","-0.2015972894482091","0.014140793114048571","1784185245122027930","-0.0130116090712743"
"2026-07-16 15:00:00.255","000852","2026-06-30","688279","峰岹科技","0.108000","688279.SH","sh_star","801080.SI","电子",,,"208.95","225.6","204.14","208","210.59","-2.59","-0.012298779619165201","1819896","388747535.6","0.10190417398736872","-0.11232502560600888","-0.13818106484358816","0.04244975692878264","-0.1066827005669129","0.0457516339869281","1784185225772576375","-0.00132826819886984"
"2026-07-16 15:00:00.255","000852","2026-06-30","688289","圣湘生物","0.051000","688289.SH","sh_star","801150.SI","医药生物",,,"15.76","16","15.5","15.91","15.83","0.08","0.00505369551484523","7730090","121954591.95","0.03158559696778269","0.0845262440354465","0.05224867724867725","0.12677053824362608","0.014797805842581961","-0.15498194178882516","1784185251479179384","0.000257738471257107"
"2026-07-16 15:00:00.255","000852","2026-06-30","688300","联瑞新材","0.242000","688300.SH","sh_star","801030.SI","基础化工",,,"165.25","172","155.02","158.4","166.31","-7.91","-0.04756178221393783","7271907","1185343161.35","0.10209849077024827","-0.19249592169657423","-0.24206899851667543","-0.403524627202892","-0.011359380851329422","1.5255102040816328","1784185229133505715","-0.011509951295773"
"2026-07-16 15:00:00.255","000852","2026-06-30","688306","均普智能","0.064000","688306.SH","sh_star","801890.SI","机械设备",,,"9.28","9.46","9.11","9.17","9.36","-0.19","-0.0202991452991453","12849365","118922940.84","0.037393162393162545","-0.06523955147808358","-0.1165703275529865","0.034988713318284424","-0.08519553072625699","-0.24799081515499424","1784185245121959769","-0.0012991452991453"
"2026-07-16 15:00:00.255","000852","2026-06-30","688321","微芯生物","0.084000","688321.SH","sh_star","801150.SI","医药生物",,,"30.89","31.85","30.08","30.68","31.78","-1.10","-0.034612964128382634","29149250","899881658.52","0.05569540591567022","0.1329394387001477","0.0675017397355602","0.28100208768267226","0.11038726022439377","-0.038365095285857576","1784185233002918471","-0.00290748898678414"
"2026-07-16 15:00:00.255","000852","2026-06-30","688326","经纬恒润","0.044000","688326.SH","sh_star","","未映射","","","64.66","68.14","64.66","67.72","65.56","2.16","0.032946918852959126","1942177","130123587.29","0.05308114704087864","-0.003384841795437822","-0.06204986149584488","0.007588156524326738","-0.2207134637514384","-0.45250222330018597","1784185249112690833","0.0014496644295302"
"2026-07-16 15:00:00.255","000852","2026-06-30","688327","云从科技","0.133000","688327.SH","sh_star","","未映射","","","11.33","11.85","11.31","11.69","11.55","0.14","0.012121212121212121","20856580","242733946.02","0.04675324675324668","0.0025728987993138934","-0.05953338696701529","-0.04726976365118174","-0.2117329737019555","-0.21910487641950566","1784185208191526766","0.00161212121212121"
"2026-07-16 15:00:00.255","000852","2026-06-30","688332","中科蓝讯","0.115000","688332.SH","sh_star","801080.SI","电子",,,"113.56","119.8","106.26","108.18","115.09","-6.91","-0.06003996872013207","6887376","773464435.09","0.11764705882352934","-0.27063106796116504","-0.2646319080959826","-0.29358756693221894","0.06823343537079096","0.8223292470968239","1784185225772528504","-0.00690459640281519"
"2026-07-16 15:00:00.255","000852","2026-06-30","688333","铂力特","0.231000","688333.SH","sh_star","801890.SI","机械设备",,,"112.71","118.97","111","111.82","116.2","-4.38","-0.03769363166953528","18901545","2159233919.96","0.06858864027538725","0.035274511619294506","-0.002497769848349688","0.10932539682539683","0.05453358909215051","0.07120207994451437","1784185234132487515","-0.00870722891566265"
"2026-07-16 15:00:00.255","000852","2026-06-30","688351","微电生理","0.033000","688351.SH","sh_star","801150.SI","医药生物",,,"21.57","21.86","20.91","21.33","21.6","-0.27","-0.0125","4665574","99974547.36","0.04398148148148145","-0.012042612320518759","-0.06447368421052631","-0.004666355576294914","-0.1715861426130185","-0.15148380937226508","1784185241731563035","-0.0004125"
"2026-07-16 15:00:00.255","000852","2026-06-30","688352","颀中科技","0.118000","688352.SH","sh_star","801080.SI","电子",,,"17.1","17.67","15.9","16.07","17.75","-1.68","-0.09464788732394366","31187919","523314278.53","0.099718309859155","-0.3158790974882929","-0.23838862559241705","-0.23476190476190475","-0.13462574044157244","0.25940438871473354","1784185204830294140","-0.0111684507042254"
"2026-07-16 15:00:00.255","000852","2026-06-30","688353","华盛锂电","0.095000","688353.SH","sh_star","801730.SI","电力设备",,,"84.58","97.49","82","91.11","84.32","6.79","0.08052656546489564","11619644","1060795626.56","0.18370493358633785","-0.07389713356373247","-0.19385949389488588","-0.17165196836076008","0.030189959294436908","-0.25496769973014966","1784185245889398726","0.00765002371916509"
"2026-07-16 15:00:00.255","000852","2026-06-30","688362","甬矽电子","0.312000","688362.SH","sh_star","801080.SI","电子",,,"81.86","87.01","77.88","79","85.6","-6.6","-0.07710280373831775","33212731","2725555505.81","0.106658878504673","-0.3118466898954704","-0.12222222222222222","0.04608050847457627","0.06598299824585076","1.3112931538911645","1784185217249808080","-0.0240560747663551"
"2026-07-16 15:00:00.255","000852","2026-06-30","688368","晶丰明源","0.136000","688368.SH","sh_star","801080.SI","电子",,,"153.74","156.46","138.59","140.8","155.98","-15.18","-0.09732016925246827","3949645","582156215.67","0.11456596999615339","-0.2924267551133223","-0.25102399063779984","-0.35938850721142906","0.15130579891531082","1.2732125205930807","1784185242956408820","-0.0132355430183357"
"2026-07-16 15:00:00.255","000852","2026-06-30","688372","伟测科技","0.257000","688372.SH","sh_star","801080.SI","电子",,,"145.66","149.49","136.8","138.19","148.08","-9.89","-0.0667882225823879","11260179","1607587380.7","0.08569692058346837","-0.2683714527742482","-0.14855206407886629","-0.1769505658129839","-0.17851622874806802","0.2578736573821227","1784185246736800436","-0.0171645732036737"
"2026-07-16 15:00:00.255","000852","2026-06-30","688380","中微半导","0.135000","688380.SH","sh_star","801080.SI","电子",,,"48.61","49.8","44.88","45.5","49.84","-4.34","-0.08707865168539325","12472195","590156353.46","0.09871589085072234","-0.27616926503340755","-0.21429804869625282","-0.272","-0.06146864686468647","0.36759843703035766","1784185215219497536","-0.0117556179775281"
"2026-07-16 15:00:00.255","000852","2026-06-30","688382","益方生物","0.086000","688382.SH","sh_star","","未映射","","","24.67","26.5","23.78","23.95","25.3","-1.35","-0.05335968379446641","26401236","656552546.11","0.10750988142292485","0.11188486536675953","0.05228471001757469","0.5006265664160401","0.2671957671957672","-0.18868563685636858","1784185237447681984","-0.00458893280632411"
"2026-07-16 15:00:00.255","000852","2026-06-30","688388","嘉元科技","0.298000","688388.SH","sh_star","801730.SI","电力设备",,,"32","34.1","31.39","32.3","33.62","-1.32","-0.03926234384295063","49621897","1629419775.96","0.0806067816775729","-0.07635115813554476","-0.17748917748917747","-0.23910482921083628","0.4461480310265705","0.5907975567905646","1784185217249881650","-0.0117001784651993"
"2026-07-16 15:00:00.255","000852","2026-06-30","688390","固德威","0.189000","688390.SH","sh_star","801730.SI","电力设备",,,"72.92","72.92","68.33","68.45","72.31","-3.86","-0.05338127506568939","4999839","349798659.16","0.06347669755220582","-0.1505336311739886","-0.24656026417171162","-0.35412341951311566","-0.5411275725682108","0.07456828885400314","1784185210339753025","-0.0100890609874153"
"2026-07-16 15:00:00.255","000852","2026-06-30","688392","骄成超声","0.189000","688392.SH","sh_star","801730.SI","电力设备",,,"180.88","190.97","173.06","174.99","188","-13.01","-0.06920212765957447","4748508","862759180.08","0.09526595744680849","-0.27630272952853596","-0.15463768115942028","-0.13366998366255756","0.10858409882800127","0.5300340998513596","1784185249638886008","-0.0130792021276596"
"2026-07-16 15:00:00.255","000852","2026-06-30","688400","凌云光","0.163000","688400.SH","sh_star","801890.SI","机械设备",,,"49.9","51.2","46.94","47.57","50.64","-3.07","-0.06062401263823065","11793471","577862506.34","0.08412322274881527","-0.1500044670776378","-0.33305292674377845","-0.27699673227448895","-0.2664045030457244","0.09545192861255038","1784185237447698394","-0.0098817140600316"
"2026-07-16 15:00:00.255","000852","2026-06-30","688403","汇成股份","0.323000","688403.SH","sh_star","801080.SI","电子",,,"28.1","29.96","27.5","27.66","29.87","-2.21","-0.07398727820555741","65168516","1866768695.78","0.08235687981252095","-0.3023959646910467","-0.21665250637213254","-0.29618320610687027","0.22933333333333333","0.6835057821059038","1784185204830258430","-0.023897890860395"
"2026-07-16 15:00:00.255","000852","2026-06-30","688408","中信博","0.043000","688408.SH","sh_star","801730.SI","电力设备",,,"25.79","26.2","25.21","25.89","25.79","0.10","0.0038774718883288098","3352251","86279951.22","0.03838697169445516","-0.011077158135981665","-0.13613613613613615","-0.20534069981583797","-0.3038451196558215","-0.3949520916101893","1784185245889451526","0.000166731291198139"
"2026-07-16 15:00:00.255","000852","2026-06-30","688409","富创精密","0.577000","688409.SH","sh_star","801080.SI","电子",,,"225","235.66","215","216.64","231.15","-14.51","-0.06277309106640709","9653892","2167578622.61","0.08937919100151415","-0.24426149445335935","-0.1151772586178729","-0.21164483260553127","0.32606965783191527","2.1166738598762764","1784185233002911602","-0.0362200735453169"
"2026-07-16 15:00:00.255","000852","2026-06-30","688432","有研硅","0.154000","688432.SH","sh_star","801080.SI","电子",,,"39.65","41.37","36.6","36.96","41.46","-4.50","-0.1085383502170767","47086938","1812525745.98","0.1150506512301012","-0.312627859401153","-0.12396302441336811","0.19611650485436893","0.8038067349926794","1.9171270718232043","1784185246736801436","-0.0167149059334298"
"2026-07-16 15:00:00.255","000852","2026-06-30","688433","华曙高科","0.146000","688433.SH","sh_star","801890.SI","机械设备",,,"93.75","95","89","89.47","96.65","-7.18","-0.0742886704604242","6324717","579319308.15","0.062079668908432487","0.05644113826898099","0.053828032979976445","-0.011490443044967406","-0.12034214924786157","0.12827561855280084","1784185219057569601","-0.0108461458872219"
"2026-07-16 15:00:00.255","000852","2026-06-30","688439","振华风光","0.047000","688439.SH","sh_star","801740.SI","国防军工",,,"41.7","42.47","41.55","42","42","0","0.0","1721672","72352246.92","0.021904761904761778","-0.10218041898247114","-0.0903183885640026","-0.02506963788300836","-0.2317541613316261","-0.35034802784222735","1784185225772565075","0"
"2026-07-16 15:00:00.255","000852","2026-06-30","688443","智翔金泰","0.035000","688443.SH","sh_star","","未映射","","","25.4","26.39","24.75","25.85","25.55","0.30","0.011741682974559686","5513559","141719709.27","0.06418786692759297","0.08113759933082391","0.025793650793650796","0.20625291647223518","-0.12402575398170111","-0.0862495581477554","1784185249112635733","0.000410958904109589"
"2026-07-16 15:00:00.255","000852","2026-06-30","688449","联芸科技","0.163000","688449.SH","sh_star","801080.SI","电子",,,"68.5","70.49","63.76","64.4","70.99","-6.59","-0.09282997605296521","14934266","999397508.81","0.09480208480067612","-0.21367521367521367","-0.1983069836922694","-0.20198265179677818","-0.1866632988128315","0.3606592013522079","1784185241731548325","-0.0151312860966333"
"2026-07-16 15:00:00.255","000852","2026-06-30","688484","南芯科技","0.173000","688484.SH","sh_star","801080.SI","电子",,,"39.98","41.8","38","38.6","40.1","-1.5","-0.03740648379052369","15769663","626144841.44","0.09476309226932679","-0.1849662162162162","-0.19683728672492717","-0.23199363310783924","-0.16013925152306355","-0.058536585365853655","1784185215219489816","-0.0064713216957606"
"2026-07-16 15:00:00.255","000852","2026-06-30","688486","龙迅股份","0.061000","688486.SH","sh_star","801080.SI","电子",,,"50.6","53.12","47.8","48.15","51.37","-3.22","-0.06268249951333464","7394325","373626382.35","0.10356239050029199","-0.21477495107632094","-0.22175529335703897","-0.17409948542024015","0.2131269763734993","0.25157816561455626","1784185233002971752","-0.00382363247031341"
"2026-07-16 15:00:00.255","000852","2026-06-30","688502","茂莱光学","0.150000","688502.SH","sh_star","801080.SI","电子",,,"521.52","560.39","506.7","534.96","540.85","-5.89","-0.010890265323102524","2150918","1155083983.51","0.09926966811500415","-0.10871195081721396","-0.06521283287901028","-0.11118495381139099","0.10771524412970557","0.3246830427892235","1784185245889480527","-0.00163353979846538"
"2026-07-16 15:00:00.255","000852","2026-06-30","688503","聚和材料","0.264000","688503.SH","sh_star","801730.SI","电力设备",,,"84.5","87.1","79.1","79.95","87","-7.05","-0.08103448275862069","14704485","1220170104.79","0.09195402298850575","-0.2836663381417436","-0.3050847457627119","-0.15824384080859127","-0.19966765436053496","0.290223671045412","1784185249112674553","-0.0213931034482759"
"2026-07-16 15:00:00.255","000852","2026-06-30","688515","裕太微","0.122000","688515.SH","sh_star","","未映射","","","171.17","177.5","163.01","164.03","175.94","-11.91","-0.06769353188587018","3940641","667909382.08","0.08235762191656251","-0.2614255482011797","-0.2405315306972868","-0.3390151515151515","-0.2037765157031212","0.5492066490366453","1784185234132464595","-0.00825861089007616"
"2026-07-16 15:00:00.255","000852","2026-06-30","688516","奥特维","0.111000","688516.SH","sh_star","801730.SI","电力设备",,,"44.66","44.66","41.75","42.15","44.27","-2.12","-0.047887960243957535","7648304","328462046.6400","0.06573300203297952","-0.1282316442605998","-0.21944444444444444","-0.2631118881118881","-0.3866414435389988","-0.1182008368200837","1784185249638787077","-0.00531556358707929"
"2026-07-16 15:00:00.255","000852","2026-06-30","688519","南亚新材","0.458000","688519.SH","sh_star","801080.SI","电子",,,"338.08","367.96","336","342.08","353","-10.92","-0.03093484419263456","7071854","2482604220.78","0.09053824362606226","-0.026051305412407823","-0.07849792575831044","-0.16586198488173615","0.46815450643776824","3.291556893739807","1784185210339739725","-0.0141681586402266"
"2026-07-16 15:00:00.255","000852","2026-06-30","688522","纳睿雷达","0.035000","688522.SH","sh_star","801740.SI","国防军工",,,"19.65","20.12","19.43","19.81","19.65","0.16","0.008142493638676845","3161194","62645836.73","0.03511450381679396","-0.05396370582617","-0.09708295350957155","0.017985611510791366","0.21541351029862893","-0.044031908607445346","1784185205570692597","0.00028498727735369"
"2026-07-16 15:00:00.255","000852","2026-06-30","688523","航天环宇","0.066000","688523.SH","sh_star","801740.SI","国防军工",,,"49.05","50","45","48.55","51.45","-2.90","-0.05636540330417881","8040612","390153064.71","0.09718172983479105","-0.04766575127500981","-0.1741792821908488","-0.05728155339805826","-0.22654134140512983","-0.21932786621643352","1784185225772548044","-0.0037201166180758"
"2026-07-16 15:00:00.255","000852","2026-06-30","688531","日联科技","0.211000","688531.SH","sh_star","801890.SI","机械设备",,,"152.1","159","140","142.5","155.5","-13.0","-0.08360128617363344","7286594","1088299616.21","0.12218649517684887","-0.2677286742034944","-0.20833333333333334","-0.16520210896309315","-0.25110363674584824","1.2017923362175527","1784185205570697937","-0.0176398713826367"
"2026-07-16 15:00:00.255","000852","2026-06-30","688536","思瑞浦","0.361000","688536.SH","sh_star","801080.SI","电子",,,"284.87","291.8","264.1","267","288.15","-21.15","-0.07339927121290994","5095283","1413526686.14","0.09613048759326734","-0.18768444430922754","-0.19607370829820547","-0.2261093881336773","-0.19068836955533325","0.6481481481481481","1784185233440874410","-0.0264971369078605"
"2026-07-16 15:00:00.255","000852","2026-06-30","688543","国科军工","0.061000","688543.SH","sh_star","801740.SI","国防军工",,,"35.75","36.83","35.54","36.05","35.98","0.07","0.0019455252918287942","3998400","144718444.78","0.03585325180655917","-0.0587467362924282","-0.10811479465611083","-0.05652970426589898","-0.20890937019969277","-0.13767441860465116","1784185242956292059","0.000118677042801556"
"2026-07-16 15:00:00.255","000852","2026-06-30","688545","兴福电子","0.246000","688545.SH","sh_star","801080.SI","电子",,,"94.32","98.99","89.81","90.91","98.43","-7.52","-0.07639947170578075","14275323","1341553854.98","0.09326424870466328","-0.2398193828915461","-0.1941317259108235","-0.23153000845308538","0.13438981781881706","1.364984391259105","1784185249112683953","-0.0187942700396221"
"2026-07-16 15:00:00.255","000852","2026-06-30","688548","广钢气体","0.423000","688548.SH","sh_star","801080.SI","电子",,,"39.84","42","38.85","39.36","40.9","-1.54","-0.03765281173594132","35034477","1406924822.92","0.0770171149144254","-0.2267190569744597","-0.1526372443487621","0.01600413009808983","0.34933150497086046","1.5877712031558184","1784185245122699545","-0.0159271393643032"
"2026-07-16 15:00:00.255","000852","2026-06-30","688549","中巨芯","0.223000","688549.SH","sh_star","","未映射","","","25.9","26.68","24.09","24.61","26.51","-1.90","-0.07167106752168992","72582667","1851476844.15","0.09769898151640889","-0.3044092707744488","-0.3212906784335356","-0.23333333333333334","0.5877419354838709","1.6320855614973262","1784185229133540206","-0.0159826480573369"
"2026-07-16 15:00:00.255","000852","2026-06-30","688552","航天南湖","0.029000","688552.SH","sh_star","801740.SI","国防军工",,,"24.86","25.33","24.25","24.75","24.69","0.06","0.002430133657351154","2968399","73761252.14","0.04374240583232085","-0.08839779005524862","-0.1708542713567839","-0.10032715376226825","-0.2475373951112732","-0.3400351981227668","1784185234132450155","7.04738760631835E-05"
"2026-07-16 15:00:00.255","000852","2026-06-30","688559","海目星","0.171000","688559.SH","sh_star","801890.SI","机械设备",,,"51.63","52.48","48.88","49.23","52.41","-3.18","-0.06067544361763023","11829988","598695115.29","0.06868918145392103","-0.25159622985709945","-0.29781771501925547","-0.37445997458703933","-0.28920011550678604","-0.016383616383616382","1784185248094001648","-0.0103755008586148"
"2026-07-16 15:00:00.255","000852","2026-06-30","688567","孚能科技","0.079000","688567.SH","sh_star","801730.SI","电力设备",,,"9.3","9.37","9.09","9.22","9.26","-0.04","-0.004319654427645789","10618951","98083548.06","0.03023758099352064","-0.028451001053740783","-0.10572259941804074","-0.07336683417085428","-0.33333333333333337","-0.4326153846153846","1784185223973656374","-0.000341252699784017"
"2026-07-16 15:00:00.255","000852","2026-06-30","688584","上海合晶","0.074000","688584.SH","sh_star","801080.SI","电子",,,"38.59","39.34","35.67","36.15","39.38","-3.23","-0.08202133062468257","24993633","934734057.18","0.09319451498222452","-0.10230941147256022","0.13145539906103287","0.06700118063754427","0.273784355179704","0.6080960854092526","1784185237447681324","-0.00606957846622651"
"2026-07-16 15:00:00.255","000852","2026-06-30","688586","江航装备","0.038000","688586.SH","sh_star","801740.SI","国防军工",,,"10.27","10.33","10.1","10.18","10.29","-0.11","-0.010689990281827018","4866971","49664463.11","0.022351797862001983","-0.06605504587155962","-0.13874788494077833","-0.09991158267020335","-0.25855790240349596","-0.20456321300203156","1784185241731589305","-0.000406219630709427"
"2026-07-16 15:00:00.255","000852","2026-06-30","688591","泰凌微","0.068000","688591.SH","sh_star","801080.SI","电子",,,"32.64","34.43","31.86","31.99","32.57","-0.58","-0.017807798587657353","7506836","247909600.91","0.07890696960393001","-0.09504950495049504","-0.0841683366733467","-0.01021039603960396","-0.10637465780211183","-0.2911274596702712","1784185242956403850","-0.0012109303039607"
"2026-07-16 15:00:00.255","000852","2026-06-30","688593","新相微","0.110000","688593.SH","sh_star","801080.SI","电子",,,"29.43","32.88","28.97","30.89","29.59","1.30","0.043933761405880366","22567288","707272385.91","0.1321392362284557","-0.1408705326102072","-0.20845611787315824","-0.12653753711296478","-0.24502016375412441","0.5131031104579966","1784185221829586242","0.00483271375464684"
"2026-07-16 15:00:00.255","000852","2026-06-30","688596","正帆科技","0.239000","688596.SH","sh_star","","未映射","","","56.73","60.68","55.88","56.3","60.63","-4.33","-0.07141679036780471","22233592","1285747764.78","0.0791687283523008","-0.29914104319681317","-0.2727037850406924","0.0014229811454998223","0.2827523353839143","0.7196090409285277","1784185205570782818","-0.0170686128979053"
"2026-07-16 15:00:00.255","000852","2026-06-30","688605","先锋精科","0.108000","688605.SH","sh_star","801080.SI","电子",,,"87.21","89.34","80.82","81.2","89","-7.8","-0.08764044943820225","7418451","629920038.12","0.09573033707865164","-0.30538922155688625","-0.188","-0.17979797979797982","0.11938240970499034","0.2525065556069721","1784185248093954008","-0.00946516853932584"
"2026-07-16 15:00:00.255","000852","2026-06-30","688612","威迈斯","0.076000","688612.SH","sh_star","801880.SI","汽车",,,"30.65","31.08","29.81","30.4","30.4","0.0","0.0","4708398","144054542.77","0.04177631578947367","0.015025041736227046","-0.047021943573667714","0.07610619469026549","-0.12668773340993966","-0.0594059405940594","1784185228161553218","0"
"2026-07-16 15:00:00.255","000852","2026-06-30","688627","精智达","0.552000","688627.SH","sh_star","801890.SI","机械设备",,,"573.66","619.88","558.1","584","599","-15","-0.025041736227045076","5630291","3338126542.88","0.1031385642737896","-0.09859850589615361","0.009856475877572195","-0.10662383356279638","0.47682846030517745","1.5050186160630028","1784185219057544640","-0.0138230383973289"
"2026-07-16 15:00:00.255","000852","2026-06-30","688630","芯碁微装","0.520000","688630.SH","sh_star","801890.SI","机械设备",,,"421.97","428.93","377.81","384","430.77","-46.77","-0.10857302040532071","8621342","3470991771.29","0.1186712166585417","-0.2584009269988413","-0.2005329780146569","-0.27268594806523094","0.17791411042944785","1.723018011629556","1784185248093928308","-0.0564579706107668"
"2026-07-16 15:00:00.255","000852","2026-06-30","688631","莱斯信息","0.031000","688631.SH","sh_star","801750.SI","计算机",,,"40.5","41.25","39.56","40.18","40.08","0.10","0.0024950099800399206","1182027","47779842.82","0.0421656686626746","-0.046058879392212725","-0.1388769824260609","-0.09707865168539326","-0.19333467175266011","-0.4207035755478662","1784185245122676704","7.73453093812375E-05"
"2026-07-16 15:00:00.255","000852","2026-06-30","688639","华恒生物","0.029000","688639.SH","sh_star","801030.SI","基础化工",,,"17.37","17.46","16.78","17.19","17.5","-0.31","-0.017714285714285714","8477091","145113000.38","0.03885714285714284","0.052019583843329255","0.03181272509003601","0.11623376623376623","-0.2816548265775178","-0.4844031193761247","1784185245122047110","-0.000513714285714286"
"2026-07-16 15:00:00.255","000852","2026-06-30","688652","京仪装备","0.207000","688652.SH","sh_star","801080.SI","电子",,,"170","177","163.29","165.3","177","-11.7","-0.06610169491525424","6270965","1066117555.28","0.07745762711864411","-0.2830188679245283","-0.14569228383895808","-0.02970180793613524","0.1439446366782007","0.6001936108422071","1784185217249797320","-0.0136830508474576"
"2026-07-16 15:00:00.255","000852","2026-06-30","688658","悦康药业","0.036000","688658.SH","sh_star","801150.SI","医药生物",,,"14.39","14.8","13.95","14.5","14.39","0.11","0.007644197359277276","19972237","287833433.7600","0.059068797776233466","0.07169253510716926","-0.039735099337748346","0.17219078415521424","-0.19399666481378547","-0.4176706827309237","1784185248094003228","0.000275191104933982"
"2026-07-16 15:00:00.255","000852","2026-06-30","688660","电气风电","0.047000","688660.SH","sh_star","801730.SI","电力设备",,,"7.97","8.43","7.92","8.23","8.03","0.20","0.024906600249066005","28408733","233040214.21","0.06351183063511828","0.04441624365482233","-0.04079254079254079","-0.03290246768507638","-0.2279549718574109","-0.5042168674698795","1784185235281954696","0.0011706102117061"
"2026-07-16 15:00:00.255","000852","2026-06-30","688668","鼎通科技","0.320000","688668.SH","sh_star","801770.SI","通信",,,"313.04","326.59","300.31","304.32","328.3","-23.98","-0.07304294852269266","3988770","1248425329.89","0.08004873591227545","-0.10936814071234159","-0.057336678747328326","-0.19065982287705113","0.001876543209876543","1.496472518457752","1784185248094000558","-0.0233737435272617"
"2026-07-16 15:00:00.255","000852","2026-06-30","688686","奥普特","0.063000","688686.SH","sh_star","801890.SI","机械设备",,,"134.91","137.99","130.32","131.57","137.38","-5.81","-0.04229145436016887","1745611","233661244.6","0.05583054301936247","-0.1568727971803909","-0.22235356699568531","-0.14675745784695202","-0.14570482436205442","0.05738166037129309","1784185233002925732","-0.00266436162469064"
"2026-07-16 15:00:00.255","000852","2026-06-30","688690","纳微科技","0.110000","688690.SH","sh_star","","未映射","","","36.86","37.77","34.88","35.1","37.99","-2.89","-0.07607265069755198","14230234","515461356.98","0.076072650697552","-0.1322620519159456","-0.12838341196920783","-0.17933130699088146","-0.13474338115663362","0.33277642770352367","1784185244258079774","-0.00836799157673072"
"2026-07-16 15:00:00.255","000852","2026-06-30","688691","灿芯股份","0.086000","688691.SH","sh_star","801080.SI","电子",,,"93.6","99.36","91.6","92.23","96.49","-4.26","-0.04414965281376308","7926845","754509889.29","0.08042284174525847","-0.20525635501938821","-0.07362394535958217","-0.1045631067961165","-0.22280273026038594","-0.1546287809349221","1784185245121982279","-0.00379687014198362"
"2026-07-16 15:00:00.255","000852","2026-06-30","688698","伟创电气","0.058000","688698.SH","sh_star","801890.SI","机械设备",,,"50","51.11","48.86","49.23","50.58","-1.35","-0.026690391459074737","4356422","216751599.9","0.04448398576512456","-0.07895229186155285","-0.1995121951219512","0.0008131734092295183","-0.32068442113978196","-0.4942989214175655","1784185249112663173","-0.00154804270462633"
"2026-07-16 15:00:00.255","000852","2026-06-30","688700","东威科技","0.164000","688700.SH","sh_star","801890.SI","机械设备",,,"67.06","69.36","63.14","63.9","68.22","-4.32","-0.0633245382585752","11237745","738733389.42","0.09117560832600409","-0.1604256996452503","-0.17654639175257733","-0.33651749558716637","-0.27755794234030523","0.7387755102040816","1784185229133555556","-0.0103852242744063"
"2026-07-16 15:00:00.255","000852","2026-06-30","688717","艾罗能源","0.095000","688717.SH","sh_star","801730.SI","电力设备",,,"62.53","62.61","60.69","61.2","62.51","-1.31","-0.020956646936490162","4611648","283918512.54","0.03071508558630622","-0.0917186108637578","-0.1721899093737319","-0.241635687732342","-0.4483504597079503","-0.0384917517674784","1784185249112676133","-0.00199088145896657"
"2026-07-16 15:00:00.255","000852","2026-06-30","688726","拉普拉斯","0.110000","688726.SH","sh_star","801730.SI","电力设备",,,"42.41","42.48","39.6","39.93","42.13","-2.20","-0.05221932114882507","6863009","281051673.3900","0.0683598385948256","-0.10410590083015481","-0.1719203649937785","-0.2216374269005848","-0.3550314973348409","0.11786114221724524","1784185249112677623","-0.00574412532637076"
"2026-07-16 15:00:00.255","000852","2026-06-30","688766","普冉股份","0.815000","688766.SH","sh_star","801080.SI","电子",,,"557.44","583","510","526","578","-52","-0.08996539792387544","9010284","4912288861.59","0.12629757785467127","-0.3097746926135394","-0.3552973476491641","-0.2764886315181359","0.3212760612911329","2.445791025221094","1784185208191481646","-0.0733217993079585"
"2026-07-16 15:00:00.255","000852","2026-06-30","688776","国光电气","0.034000","688776.SH","sh_star","801740.SI","国防军工",,,"49.8","51.49","48.68","49.55","50","-0.45","-0.009000000000000001","2010651","100680828.91","0.05620000000000005","-0.08613057912209517","-0.16159052453468697","-0.1366091653598188","-0.3092151122264046","-0.5109071167703089","1784185219057601641","-0.000306"
"2026-07-16 15:00:00.255","000852","2026-06-30","688779","五矿新能","0.096000","688779.SH","sh_star","801730.SI","电力设备",,,"7.12","7.14","6.96","7.01","7.16","-0.15","-0.02094972067039106","23490677","165634742.99","0.025139664804469358","-0.07884362680683311","-0.11823899371069181","-0.10927573062261753","-0.22517463966752144","-0.08332461554555916","1784185231743295200","-0.00201117318435754"
"2026-07-16 15:00:00.255","000852","2026-06-30","688789","宏华数科","0.059000","688789.SH","sh_star","801890.SI","机械设备",,,"45.92","46.93","45.3","46.62","46.12","0.50","0.010841283607979185","1413842","65396425.04","0.035342584562012044","-0.04857142857142857","-0.10466679469944307","-0.10277136258660508","-0.1202113606340819","-0.414321608040201","1784185231743342200","0.000639635732870772"
"2026-07-16 15:00:00.255","000852","2026-06-30","688798","艾为电子","0.088000","688798.SH","sh_star","801080.SI","电子",,,"63.38","73.6","63.05","67.04","63.45","3.59","0.056579984239558706","7975773","548654331.35","0.16627265563435784","-0.07531034482758621","-0.046643913538111495","-0.005931198102016608","-0.16408977556109725","-0.1316062176165803","1784185234132528246","0.00497903861308117"
"2026-07-16 15:00:00.255","000852","2026-06-30","688800","瑞可达","0.170000","688800.SH","sh_star","801080.SI","电子",,,"71.85","71.85","67.07","67.8","71.52","-3.72","-0.052013422818791955","9511782","659140656.24","0.06683445190156602","-0.1704392511929524","-0.18313253012048192","-0.27026154342912495","0.04397831722837615","0.6092031968999758","1784185233002948932","-0.00884228187919463"
